Dataset,Model,KFold,AUCROC,AUCPR,Accuracy,MCC,F1 Score,Precision,Recall,Time Train,Time Test
1_ALOI,XGBClassifier,1,50.0,3.25,96.75,0.0,0.0,0.0,0.0,0.4511089324951172,0.002351522445678711
1_ALOI,XGBClassifier,2,50.0,3.15,96.85000000000001,0.0,0.0,0.0,0.0,0.032266855239868164,0.001982450485229492
1_ALOI,XGBClassifier,3,50.0,2.75,97.25,0.0,0.0,0.0,0.0,0.030170202255249023,0.002040386199951172
1_ALOI,XGBClassifier,4,50.0,3.0,97.0,0.0,0.0,0.0,0.0,0.03195381164550781,0.0019655227661132812
1_ALOI,XGBClassifier,5,50.0,2.9499999999999997,97.05,0.0,0.0,0.0,0.0,0.03142952919006348,0.0019927024841308594
2_annthyroid,XGBClassifier,1,50.0,6.111111111111111,93.88888888888889,0.0,0.0,0.0,0.0,0.019305706024169922,0.0017039775848388672
2_annthyroid,XGBClassifier,2,50.0,7.708333333333334,92.29166666666667,0.0,0.0,0.0,0.0,0.018923282623291016,0.001676321029663086
2_annthyroid,XGBClassifier,3,50.0,7.361111111111112,92.63888888888889,0.0,0.0,0.0,0.0,0.01923227310180664,0.002119779586791992
2_annthyroid,XGBClassifier,4,50.0,7.777777777777778,92.22222222222223,0.0,0.0,0.0,0.0,0.0379180908203125,0.0017323493957519531
2_annthyroid,XGBClassifier,5,50.0,8.125,91.875,0.0,0.0,0.0,0.0,0.0196533203125,0.0021631717681884766
3_backdoor,XGBClassifier,1,50.0,2.7,97.3,0.0,0.0,0.0,0.0,0.08414340019226074,0.002842426300048828
3_backdoor,XGBClassifier,2,50.0,1.8499999999999999,98.15,0.0,0.0,0.0,0.0,0.08371543884277344,0.003190755844116211
3_backdoor,XGBClassifier,3,50.0,2.9499999999999997,97.05,0.0,0.0,0.0,0.0,0.08539438247680664,0.0028145313262939453
3_backdoor,XGBClassifier,4,50.0,1.7500000000000002,98.25,0.0,0.0,0.0,0.0,0.08577466011047363,0.0027480125427246094
3_backdoor,XGBClassifier,5,50.0,2.55,97.45,0.0,0.0,0.0,0.0,0.08522391319274902,0.003632783889770508
4_breastw,XGBClassifier,1,50.0,42.33576642335766,57.66423357664233,0.0,0.0,0.0,0.0,0.015369176864624023,0.0015273094177246094
4_breastw,XGBClassifier,2,50.0,30.656934306569344,69.34306569343066,0.0,0.0,0.0,0.0,0.015680551528930664,0.0015430450439453125
4_breastw,XGBClassifier,3,50.0,33.57664233576642,66.42335766423358,0.0,0.0,0.0,0.0,0.017106056213378906,0.0015208721160888672
4_breastw,XGBClassifier,4,50.0,30.88235294117647,69.11764705882352,0.0,0.0,0.0,0.0,0.014779329299926758,0.0015828609466552734
4_breastw,XGBClassifier,5,50.0,37.5,62.5,0.0,0.0,0.0,0.0,0.014728784561157227,0.0015299320220947266
5_campaign,XGBClassifier,1,50.0,11.1,88.9,0.0,0.0,0.0,0.0,0.036653757095336914,0.002185821533203125
5_campaign,XGBClassifier,2,50.0,12.049999999999999,87.94999999999999,0.0,0.0,0.0,0.0,0.03548598289489746,0.002589702606201172
5_campaign,XGBClassifier,3,50.0,10.25,89.75,0.0,0.0,0.0,0.0,0.03487658500671387,0.002593994140625
5_campaign,XGBClassifier,4,50.0,11.15,88.85,0.0,0.0,0.0,0.0,0.0359039306640625,0.0031003952026367188
5_campaign,XGBClassifier,5,50.0,10.6,89.4,0.0,0.0,0.0,0.0,0.03450632095336914,0.002146482467651367
6_cardio,XGBClassifier,1,50.0,10.899182561307901,89.10081743869209,0.0,0.0,0.0,0.0,0.017835617065429688,0.0018215179443359375
6_cardio,XGBClassifier,2,50.0,9.289617486338798,90.7103825136612,0.0,0.0,0.0,0.0,0.017826318740844727,0.0016384124755859375
6_cardio,XGBClassifier,3,50.0,8.19672131147541,91.80327868852459,0.0,0.0,0.0,0.0,0.01811957359313965,0.0015914440155029297
6_cardio,XGBClassifier,4,50.0,9.01639344262295,90.98360655737704,0.0,0.0,0.0,0.0,0.020494937896728516,0.0016338825225830078
6_cardio,XGBClassifier,5,50.0,10.655737704918032,89.34426229508196,0.0,0.0,0.0,0.0,0.018324613571166992,0.0025763511657714844
7_Cardiotocography,XGBClassifier,1,50.0,20.094562647754138,79.90543735224587,0.0,0.0,0.0,0.0,0.017371416091918945,0.0016779899597167969
7_Cardiotocography,XGBClassifier,2,50.0,22.458628841607563,77.54137115839244,0.0,0.0,0.0,0.0,0.01910090446472168,0.0016460418701171875
7_Cardiotocography,XGBClassifier,3,50.0,24.113475177304963,75.88652482269504,0.0,0.0,0.0,0.0,0.01665520668029785,0.0016756057739257812
7_Cardiotocography,XGBClassifier,4,50.0,21.513002364066196,78.4869976359338,0.0,0.0,0.0,0.0,0.016999483108520508,0.0015954971313476562
7_Cardiotocography,XGBClassifier,5,50.0,22.03791469194313,77.96208530805687,0.0,0.0,0.0,0.0,0.019760847091674805,0.0019652843475341797
8_celeba,XGBClassifier,1,50.0,2.4,97.6,0.0,0.0,0.0,0.0,0.03320574760437012,0.0020847320556640625
8_celeba,XGBClassifier,2,50.0,2.0500000000000003,97.95,0.0,0.0,0.0,0.0,0.03075718879699707,0.0023534297943115234
8_celeba,XGBClassifier,3,50.0,1.5,98.5,0.0,0.0,0.0,0.0,0.03118419647216797,0.0020759105682373047
8_celeba,XGBClassifier,4,50.0,2.5,97.5,0.0,0.0,0.0,0.0,0.030000925064086914,0.002078533172607422
8_celeba,XGBClassifier,5,50.0,2.7,97.3,0.0,0.0,0.0,0.0,0.031890869140625,0.0024261474609375
9_census,XGBClassifier,1,50.0,5.25,94.75,0.0,0.0,0.0,0.0,0.15946483612060547,0.00465846061706543
9_census,XGBClassifier,2,50.0,7.1,92.9,0.0,0.0,0.0,0.0,0.16693353652954102,0.0052967071533203125
9_census,XGBClassifier,3,50.0,6.45,93.55,0.0,0.0,0.0,0.0,0.163621187210083,0.0061762332916259766
9_census,XGBClassifier,4,50.0,5.65,94.35,0.0,0.0,0.0,0.0,0.16243410110473633,0.0054433345794677734
9_census,XGBClassifier,5,50.0,6.35,93.65,0.0,0.0,0.0,0.0,0.1574723720550537,0.004807233810424805
10_cover,XGBClassifier,1,50.0,1.3,98.7,0.0,0.0,0.0,0.0,0.025876283645629883,0.0019502639770507812
10_cover,XGBClassifier,2,50.0,0.5499999999999999,99.45,0.0,0.0,0.0,0.0,0.024875164031982422,0.001880645751953125
10_cover,XGBClassifier,3,50.0,1.7500000000000002,98.25,0.0,0.0,0.0,0.0,0.05560779571533203,0.002094268798828125
10_cover,XGBClassifier,4,50.0,1.0,99.0,0.0,0.0,0.0,0.0,0.025379180908203125,0.0018994808197021484
10_cover,XGBClassifier,5,50.0,0.95,99.05000000000001,0.0,0.0,0.0,0.0,0.024451732635498047,0.001861572265625
11_donors,XGBClassifier,1,50.0,4.95,95.05,0.0,0.0,0.0,0.0,0.022233009338378906,0.0019276142120361328
11_donors,XGBClassifier,2,50.0,5.8500000000000005,94.15,0.0,0.0,0.0,0.0,0.022351741790771484,0.0019147396087646484
11_donors,XGBClassifier,3,50.0,5.2,94.8,0.0,0.0,0.0,0.0,0.02452254295349121,0.0023946762084960938
11_donors,XGBClassifier,4,50.0,5.6000000000000005,94.39999999999999,0.0,0.0,0.0,0.0,0.02266383171081543,0.0018885135650634766
11_donors,XGBClassifier,5,50.0,5.45,94.55,0.0,0.0,0.0,0.0,0.022876501083374023,0.0018880367279052734
12_fault,XGBClassifier,1,50.0,36.760925449871465,63.239074550128535,0.0,0.0,0.0,0.0,0.01934194564819336,0.0016350746154785156
12_fault,XGBClassifier,2,50.0,36.597938144329895,63.4020618556701,0.0,0.0,0.0,0.0,0.018522977828979492,0.0015516281127929688
12_fault,XGBClassifier,3,50.0,30.412371134020617,69.58762886597938,0.0,0.0,0.0,0.0,0.0178987979888916,0.001528024673461914
12_fault,XGBClassifier,4,50.0,31.185567010309278,68.81443298969072,0.0,0.0,0.0,0.0,0.01799154281616211,0.0019369125366210938
12_fault,XGBClassifier,5,50.0,38.402061855670105,61.5979381443299,0.0,0.0,0.0,0.0,0.01759934425354004,0.0015311241149902344
13_fraud,XGBClassifier,1,50.0,0.3,99.7,0.0,0.0,0.0,0.0,0.03699779510498047,0.0019676685333251953
13_fraud,XGBClassifier,2,50.0,0.1,99.9,0.0,0.0,0.0,0.0,0.035820960998535156,0.001961231231689453
13_fraud,XGBClassifier,3,50.0,0.15,99.85000000000001,0.0,0.0,0.0,0.0,0.03647041320800781,0.0019919872283935547
13_fraud,XGBClassifier,4,50.0,0.1,99.9,0.0,0.0,0.0,0.0,0.036840200424194336,0.0019888877868652344
13_fraud,XGBClassifier,5,50.0,0.15,99.85000000000001,0.0,0.0,0.0,0.0,0.03684043884277344,0.0020627975463867188
14_glass,XGBClassifier,1,50.0,2.3255813953488373,97.67441860465115,0.0,0.0,0.0,0.0,0.013150691986083984,0.0016224384307861328
14_glass,XGBClassifier,2,,,100.0,0.0,0.0,0.0,0.0,0.01313018798828125,0.0014955997467041016
14_glass,XGBClassifier,3,50.0,6.976744186046512,93.02325581395348,0.0,0.0,0.0,0.0,0.013237953186035156,0.0013628005981445312
14_glass,XGBClassifier,4,50.0,6.976744186046512,93.02325581395348,0.0,0.0,0.0,0.0,0.01302957534790039,0.0013768672943115234
14_glass,XGBClassifier,5,50.0,4.761904761904762,95.23809523809523,0.0,0.0,0.0,0.0,0.012654304504394531,0.0013499259948730469
15_Hepatitis,XGBClassifier,1,50.0,12.5,87.5,0.0,0.0,0.0,0.0,0.012967586517333984,0.0013213157653808594
15_Hepatitis,XGBClassifier,2,50.0,25.0,75.0,0.0,0.0,0.0,0.0,0.012729167938232422,0.0012946128845214844
15_Hepatitis,XGBClassifier,3,50.0,12.5,87.5,0.0,0.0,0.0,0.0,0.013079404830932617,0.0013544559478759766
15_Hepatitis,XGBClassifier,4,50.0,6.25,93.75,0.0,0.0,0.0,0.0,0.015094995498657227,0.0013988018035888672
15_Hepatitis,XGBClassifier,5,50.0,25.0,75.0,0.0,0.0,0.0,0.0,0.014345884323120117,0.0014348030090332031
16_http,XGBClassifier,1,50.0,0.8500000000000001,99.15,0.0,0.0,0.0,0.0,0.021704912185668945,0.0017864704132080078
16_http,XGBClassifier,2,50.0,0.4,99.6,0.0,0.0,0.0,0.0,0.020326614379882812,0.0020880699157714844
16_http,XGBClassifier,3,50.0,0.65,99.35000000000001,0.0,0.0,0.0,0.0,0.020700693130493164,0.0019042491912841797
16_http,XGBClassifier,4,50.0,0.65,99.35000000000001,0.0,0.0,0.0,0.0,0.02170705795288086,0.0018253326416015625
16_http,XGBClassifier,5,50.0,0.15,99.85000000000001,0.0,0.0,0.0,0.0,0.02180624008178711,0.0018324851989746094
17_InternetAds,XGBClassifier,1,50.0,20.304568527918782,79.69543147208121,0.0,0.0,0.0,0.0,0.17032814025878906,0.0051343441009521484
17_InternetAds,XGBClassifier,2,50.0,18.575063613231553,81.42493638676844,0.0,0.0,0.0,0.0,0.15809249877929688,0.004703044891357422
17_InternetAds,XGBClassifier,3,50.0,23.66412213740458,76.33587786259542,0.0,0.0,0.0,0.0,0.15849685668945312,0.004964590072631836
17_InternetAds,XGBClassifier,4,50.0,15.012722646310433,84.98727735368958,0.0,0.0,0.0,0.0,0.16816258430480957,0.005000591278076172
17_InternetAds,XGBClassifier,5,50.0,16.030534351145036,83.96946564885496,0.0,0.0,0.0,0.0,0.1567080020904541,0.005017757415771484
18_Ionosphere,XGBClassifier,1,50.0,39.436619718309856,60.56338028169014,0.0,0.0,0.0,0.0,0.015323877334594727,0.0014486312866210938
18_Ionosphere,XGBClassifier,2,50.0,35.714285714285715,64.28571428571429,0.0,0.0,0.0,0.0,0.014994144439697266,0.001468658447265625
18_Ionosphere,XGBClassifier,3,50.0,30.0,70.0,0.0,0.0,0.0,0.0,0.01455545425415039,0.0014564990997314453
18_Ionosphere,XGBClassifier,4,50.0,42.857142857142854,57.14285714285714,0.0,0.0,0.0,0.0,0.01586174964904785,0.0015447139739990234
18_Ionosphere,XGBClassifier,5,50.0,31.428571428571427,68.57142857142857,0.0,0.0,0.0,0.0,0.0157773494720459,0.001552581787109375
19_landsat,XGBClassifier,1,50.0,20.9013209013209,79.0986790986791,0.0,0.0,0.0,0.0,0.02285480499267578,0.0022444725036621094
19_landsat,XGBClassifier,2,50.0,21.52292152292152,78.47707847707848,0.0,0.0,0.0,0.0,0.025312185287475586,0.0018460750579833984
19_landsat,XGBClassifier,3,50.0,20.435120435120435,79.56487956487956,0.0,0.0,0.0,0.0,0.0242464542388916,0.0017609596252441406
19_landsat,XGBClassifier,4,50.0,18.725718725718725,81.27428127428128,0.0,0.0,0.0,0.0,0.024237871170043945,0.0018467903137207031
19_landsat,XGBClassifier,5,50.0,21.98912198912199,78.01087801087802,0.0,0.0,0.0,0.0,0.025758981704711914,0.002010822296142578
20_letter,XGBClassifier,1,50.0,5.3125,94.6875,0.0,0.0,0.0,0.0,0.015259504318237305,0.0016160011291503906
20_letter,XGBClassifier,2,50.0,8.125,91.875,0.0,0.0,0.0,0.0,0.015870094299316406,0.0015137195587158203
20_letter,XGBClassifier,3,50.0,4.0625,95.9375,0.0,0.0,0.0,0.0,0.0163266658782959,0.0016045570373535156
20_letter,XGBClassifier,4,50.0,6.875000000000001,93.125,0.0,0.0,0.0,0.0,0.016112327575683594,0.0016274452209472656
20_letter,XGBClassifier,5,50.0,6.875000000000001,93.125,0.0,0.0,0.0,0.0,0.01604461669921875,0.0015559196472167969
21_Lymphography,XGBClassifier,1,,,100.0,0.0,0.0,0.0,0.0,0.03278493881225586,0.001451730728149414
21_Lymphography,XGBClassifier,2,50.0,3.3333333333333335,96.66666666666667,0.0,0.0,0.0,0.0,0.014826774597167969,0.001459360122680664
21_Lymphography,XGBClassifier,3,50.0,6.666666666666667,93.33333333333333,0.0,0.0,0.0,0.0,0.014583110809326172,0.0014600753784179688
21_Lymphography,XGBClassifier,4,50.0,3.4482758620689653,96.55172413793103,0.0,0.0,0.0,0.0,0.014596939086914062,0.0014429092407226562
21_Lymphography,XGBClassifier,5,50.0,6.896551724137931,93.10344827586206,0.0,0.0,0.0,0.0,0.014374732971191406,0.0014431476593017578
22_magic.gamma,XGBClassifier,1,50.0,35.949999999999996,64.05,0.0,0.0,0.0,0.0,0.021498680114746094,0.0018248558044433594
22_magic.gamma,XGBClassifier,2,50.0,34.849999999999994,65.14999999999999,0.0,0.0,0.0,0.0,0.022141456604003906,0.0018873214721679688
22_magic.gamma,XGBClassifier,3,50.0,33.900000000000006,66.10000000000001,0.0,0.0,0.0,0.0,0.0233151912689209,0.0019676685333251953
22_magic.gamma,XGBClassifier,4,50.0,35.199999999999996,64.8,0.0,0.0,0.0,0.0,0.020564556121826172,0.001878976821899414
22_magic.gamma,XGBClassifier,5,50.0,35.5,64.5,0.0,0.0,0.0,0.0,0.021373748779296875,0.0022182464599609375
23_mammography,XGBClassifier,1,50.0,2.1999999999999997,97.8,0.0,0.0,0.0,0.0,0.023628711700439453,0.002161741256713867
23_mammography,XGBClassifier,2,50.0,2.75,97.25,0.0,0.0,0.0,0.0,0.022629261016845703,0.0018033981323242188
23_mammography,XGBClassifier,3,50.0,1.7999999999999998,98.2,0.0,0.0,0.0,0.0,0.02406620979309082,0.0018427371978759766
23_mammography,XGBClassifier,4,50.0,2.25,97.75,0.0,0.0,0.0,0.0,0.02361130714416504,0.00185394287109375
23_mammography,XGBClassifier,5,50.0,2.3,97.7,0.0,0.0,0.0,0.0,0.022442340850830078,0.0018918514251708984
24_mnist,XGBClassifier,1,50.0,8.80999342537804,91.19000657462196,0.0,0.0,0.0,0.0,0.043946266174316406,0.0021135807037353516
24_mnist,XGBClassifier,2,50.0,8.875739644970414,91.12426035502959,0.0,0.0,0.0,0.0,0.045207977294921875,0.0020835399627685547
24_mnist,XGBClassifier,3,50.0,9.270216962524655,90.72978303747534,0.0,0.0,0.0,0.0,0.04517984390258789,0.002175569534301758
24_mnist,XGBClassifier,4,50.0,10.0,90.0,0.0,0.0,0.0,0.0,0.04372549057006836,0.002710580825805664
24_mnist,XGBClassifier,5,50.0,9.078947368421053,90.92105263157895,0.0,0.0,0.0,0.0,0.04597210884094238,0.002076864242553711
25_musk,XGBClassifier,1,50.0,3.4257748776508974,96.5742251223491,0.0,0.0,0.0,0.0,0.054500579833984375,0.0019345283508300781
25_musk,XGBClassifier,2,50.0,2.1207177814029365,97.87928221859707,0.0,0.0,0.0,0.0,0.05832099914550781,0.0018901824951171875
25_musk,XGBClassifier,3,50.0,2.6143790849673203,97.38562091503267,0.0,0.0,0.0,0.0,0.05775141716003418,0.0020546913146972656
25_musk,XGBClassifier,4,50.0,4.901960784313726,95.09803921568627,0.0,0.0,0.0,0.0,0.0566716194152832,0.0018680095672607422
25_musk,XGBClassifier,5,50.0,2.7777777777777777,97.22222222222221,0.0,0.0,0.0,0.0,0.05793571472167969,0.002375364303588867
26_optdigits,XGBClassifier,1,50.0,3.3524904214559386,96.64750957854406,0.0,0.0,0.0,0.0,0.02738475799560547,0.0018572807312011719
26_optdigits,XGBClassifier,2,50.0,2.4928092042186005,97.5071907957814,0.0,0.0,0.0,0.0,0.02844977378845215,0.0019800662994384766
26_optdigits,XGBClassifier,3,50.0,3.1639501438159154,96.83604985618408,0.0,0.0,0.0,0.0,0.027571916580200195,0.0019390583038330078
26_optdigits,XGBClassifier,4,50.0,2.684563758389262,97.31543624161074,0.0,0.0,0.0,0.0,0.027453899383544922,0.0019588470458984375
26_optdigits,XGBClassifier,5,50.0,2.684563758389262,97.31543624161074,0.0,0.0,0.0,0.0,0.02808380126953125,0.001928567886352539
27_PageBlocks,XGBClassifier,1,50.0,9.916589434661724,90.08341056533827,0.0,0.0,0.0,0.0,0.019028663635253906,0.0017807483673095703
27_PageBlocks,XGBClassifier,2,50.0,9.731232622798888,90.26876737720112,0.0,0.0,0.0,0.0,0.02007436752319336,0.0017566680908203125
27_PageBlocks,XGBClassifier,3,50.0,8.989805375347544,91.01019462465246,0.0,0.0,0.0,0.0,0.020267486572265625,0.001752614974975586
27_PageBlocks,XGBClassifier,4,50.0,10.111317254174397,89.8886827458256,0.0,0.0,0.0,0.0,0.020045757293701172,0.0016973018646240234
27_PageBlocks,XGBClassifier,5,50.0,8.534322820037106,91.4656771799629,0.0,0.0,0.0,0.0,0.019107341766357422,0.0016689300537109375
28_pendigits,XGBClassifier,1,50.0,2.6200873362445414,97.37991266375546,0.0,0.0,0.0,0.0,0.025087356567382812,0.002020597457885742
28_pendigits,XGBClassifier,2,50.0,2.4017467248908297,97.59825327510917,0.0,0.0,0.0,0.0,0.025485992431640625,0.0019655227661132812
28_pendigits,XGBClassifier,3,50.0,1.8922852983988356,98.10771470160117,0.0,0.0,0.0,0.0,0.023354291915893555,0.002037525177001953
28_pendigits,XGBClassifier,4,50.0,2.1106259097525473,97.88937409024744,0.0,0.0,0.0,0.0,0.025019407272338867,0.0017712116241455078
28_pendigits,XGBClassifier,5,50.0,2.3289665211062593,97.67103347889375,0.0,0.0,0.0,0.0,0.025452852249145508,0.0017173290252685547
29_Pima,XGBClassifier,1,50.0,35.714285714285715,64.28571428571429,0.0,0.0,0.0,0.0,0.014342546463012695,0.0014128684997558594
29_Pima,XGBClassifier,2,50.0,30.519480519480517,69.48051948051948,0.0,0.0,0.0,0.0,0.015473604202270508,0.0015273094177246094
29_Pima,XGBClassifier,3,50.0,39.61038961038961,60.3896103896104,0.0,0.0,0.0,0.0,0.01472926139831543,0.0015299320220947266
29_Pima,XGBClassifier,4,50.0,30.718954248366014,69.28104575163398,0.0,0.0,0.0,0.0,0.01495814323425293,0.0014476776123046875
29_Pima,XGBClassifier,5,50.0,37.908496732026144,62.091503267973856,0.0,0.0,0.0,0.0,0.015064716339111328,0.0015697479248046875
30_satellite,XGBClassifier,1,50.0,31.546231546231546,68.45376845376845,0.0,0.0,0.0,0.0,0.022336721420288086,0.0024445056915283203
30_satellite,XGBClassifier,2,50.0,30.225330225330225,69.77466977466977,0.0,0.0,0.0,0.0,0.023593902587890625,0.0018482208251953125
30_satellite,XGBClassifier,3,50.0,31.46853146853147,68.53146853146853,0.0,0.0,0.0,0.0,0.02401447296142578,0.001821279525756836
30_satellite,XGBClassifier,4,50.0,31.934731934731936,68.06526806526807,0.0,0.0,0.0,0.0,0.021726369857788086,0.0020477771759033203
30_satellite,XGBClassifier,5,50.0,33.022533022533025,66.97746697746697,0.0,0.0,0.0,0.0,0.023437976837158203,0.0018429756164550781
31_satimage-2,XGBClassifier,1,50.0,1.2058570198105083,98.79414298018949,0.0,0.0,0.0,0.0,0.024537086486816406,0.0017924308776855469
31_satimage-2,XGBClassifier,2,50.0,1.119724375538329,98.88027562446166,0.0,0.0,0.0,0.0,0.026493310928344727,0.0018401145935058594
31_satimage-2,XGBClassifier,3,50.0,0.9474590869939706,99.05254091300603,0.0,0.0,0.0,0.0,0.02575206756591797,0.0018112659454345703
31_satimage-2,XGBClassifier,4,50.0,1.4655172413793103,98.53448275862068,0.0,0.0,0.0,0.0,0.024778366088867188,0.002046346664428711
31_satimage-2,XGBClassifier,5,50.0,1.3793103448275863,98.62068965517241,0.0,0.0,0.0,0.0,0.025181055068969727,0.0018162727355957031
32_shuttle,XGBClassifier,1,50.0,7.85,92.15,0.0,0.0,0.0,0.0,0.0394132137298584,0.001882791519165039
32_shuttle,XGBClassifier,2,50.0,6.950000000000001,93.05,0.0,0.0,0.0,0.0,0.02070474624633789,0.0022797584533691406
32_shuttle,XGBClassifier,3,50.0,7.5,92.5,0.0,0.0,0.0,0.0,0.02239251136779785,0.0019252300262451172
32_shuttle,XGBClassifier,4,50.0,6.8500000000000005,93.15,0.0,0.0,0.0,0.0,0.02288031578063965,0.0018770694732666016
32_shuttle,XGBClassifier,5,50.0,7.6499999999999995,92.35,0.0,0.0,0.0,0.0,0.0213925838470459,0.0018458366394042969
33_skin,XGBClassifier,1,50.0,21.6,78.4,0.0,0.0,0.0,0.0,0.02164435386657715,0.0019652843475341797
33_skin,XGBClassifier,2,50.0,21.9,78.10000000000001,0.0,0.0,0.0,0.0,0.02074456214904785,0.0018339157104492188
33_skin,XGBClassifier,3,50.0,21.65,78.35,0.0,0.0,0.0,0.0,0.020054340362548828,0.0017807483673095703
33_skin,XGBClassifier,4,50.0,20.45,79.55,0.0,0.0,0.0,0.0,0.019875049591064453,0.001981019973754883
33_skin,XGBClassifier,5,50.0,20.599999999999998,79.4,0.0,0.0,0.0,0.0,0.02181553840637207,0.0018651485443115234
34_smtp,XGBClassifier,1,50.0,0.05,99.95,0.0,0.0,0.0,0.0,0.020688772201538086,0.0020380020141601562
34_smtp,XGBClassifier,2,,,100.0,0.0,0.0,0.0,0.0,0.022272825241088867,0.0018665790557861328
34_smtp,XGBClassifier,3,,,100.0,0.0,0.0,0.0,0.0,0.022038936614990234,0.0018439292907714844
34_smtp,XGBClassifier,4,,,100.0,0.0,0.0,0.0,0.0,0.02019977569580078,0.002095937728881836
34_smtp,XGBClassifier,5,50.0,0.05,99.95,0.0,0.0,0.0,0.0,0.02049398422241211,0.002030611038208008
35_SpamBase,XGBClassifier,1,50.0,43.23040380047506,56.76959619952494,0.0,0.0,0.0,0.0,0.025182723999023438,0.00193023681640625
35_SpamBase,XGBClassifier,2,50.0,39.19239904988123,60.80760095011877,0.0,0.0,0.0,0.0,0.023750782012939453,0.0019488334655761719
35_SpamBase,XGBClassifier,3,50.0,37.93103448275862,62.06896551724138,0.0,0.0,0.0,0.0,0.025997161865234375,0.0019178390502929688
35_SpamBase,XGBClassifier,4,50.0,39.35790725326992,60.64209274673008,0.0,0.0,0.0,0.0,0.02533745765686035,0.001901388168334961
35_SpamBase,XGBClassifier,5,50.0,39.833531510107015,60.166468489892985,0.0,0.0,0.0,0.0,0.025702238082885742,0.001972675323486328
36_speech,XGBClassifier,1,50.0,2.168021680216802,97.8319783197832,0.0,0.0,0.0,0.0,0.17984509468078613,0.002838611602783203
36_speech,XGBClassifier,2,50.0,1.2211668928086838,98.7788331071913,0.0,0.0,0.0,0.0,0.1798999309539795,0.0023641586303710938
36_speech,XGBClassifier,3,50.0,1.3568521031207599,98.64314789687924,0.0,0.0,0.0,0.0,0.18466758728027344,0.002518177032470703
36_speech,XGBClassifier,4,50.0,1.8995929443690638,98.10040705563094,0.0,0.0,0.0,0.0,0.18957090377807617,0.0027360916137695312
36_speech,XGBClassifier,5,50.0,1.6282225237449117,98.37177747625509,0.0,0.0,0.0,0.0,0.18164992332458496,0.003011941909790039
37_Stamps,XGBClassifier,1,50.0,7.352941176470589,92.64705882352942,0.0,0.0,0.0,0.0,0.014923572540283203,0.0015482902526855469
37_Stamps,XGBClassifier,2,50.0,14.705882352941178,85.29411764705883,0.0,0.0,0.0,0.0,0.014467716217041016,0.0014948844909667969
37_Stamps,XGBClassifier,3,50.0,4.411764705882353,95.58823529411765,0.0,0.0,0.0,0.0,0.014316320419311523,0.0014743804931640625
37_Stamps,XGBClassifier,4,50.0,13.23529411764706,86.76470588235294,0.0,0.0,0.0,0.0,0.01491403579711914,0.0015239715576171875
37_Stamps,XGBClassifier,5,50.0,5.88235294117647,94.11764705882352,0.0,0.0,0.0,0.0,0.014912128448486328,0.0015175342559814453
38_thyroid,XGBClassifier,1,50.0,2.5165562913907285,97.48344370860927,0.0,0.0,0.0,0.0,0.018726587295532227,0.0017619132995605469
38_thyroid,XGBClassifier,2,50.0,2.6490066225165565,97.35099337748345,0.0,0.0,0.0,0.0,0.017963886260986328,0.0016238689422607422
38_thyroid,XGBClassifier,3,50.0,2.3872679045092835,97.61273209549071,0.0,0.0,0.0,0.0,0.016415119171142578,0.0015330314636230469
38_thyroid,XGBClassifier,4,50.0,2.122015915119363,97.87798408488064,0.0,0.0,0.0,0.0,0.017000913619995117,0.0015468597412109375
38_thyroid,XGBClassifier,5,50.0,2.6525198938992043,97.34748010610079,0.0,0.0,0.0,0.0,0.016556501388549805,0.001547098159790039
39_vertebral,XGBClassifier,1,50.0,14.583333333333334,85.41666666666666,0.0,0.0,0.0,0.0,0.012568473815917969,0.0013587474822998047
39_vertebral,XGBClassifier,2,50.0,8.333333333333332,91.66666666666666,0.0,0.0,0.0,0.0,0.014322042465209961,0.0014753341674804688
39_vertebral,XGBClassifier,3,50.0,10.416666666666668,89.58333333333334,0.0,0.0,0.0,0.0,0.013367891311645508,0.0014867782592773438
39_vertebral,XGBClassifier,4,50.0,14.583333333333334,85.41666666666666,0.0,0.0,0.0,0.0,0.013120174407958984,0.0013871192932128906
39_vertebral,XGBClassifier,5,50.0,14.583333333333334,85.41666666666666,0.0,0.0,0.0,0.0,0.013602018356323242,0.001451730728149414
40_vowels,XGBClassifier,1,50.0,3.767123287671233,96.23287671232876,0.0,0.0,0.0,0.0,0.016816139221191406,0.0015721321105957031
40_vowels,XGBClassifier,2,50.0,3.7800687285223367,96.21993127147766,0.0,0.0,0.0,0.0,0.017467975616455078,0.0016064643859863281
40_vowels,XGBClassifier,3,50.0,3.0927835051546393,96.90721649484536,0.0,0.0,0.0,0.0,0.017104625701904297,0.001600503921508789
40_vowels,XGBClassifier,4,50.0,3.0927835051546393,96.90721649484536,0.0,0.0,0.0,0.0,0.016069412231445312,0.0014753341674804688
40_vowels,XGBClassifier,5,50.0,3.436426116838488,96.56357388316151,0.0,0.0,0.0,0.0,0.015858888626098633,0.001631021499633789
41_Waveform,XGBClassifier,1,50.0,3.3381712626995643,96.66182873730044,0.0,0.0,0.0,0.0,0.021783828735351562,0.0015985965728759766
41_Waveform,XGBClassifier,2,50.0,2.1770682148040637,97.82293178519593,0.0,0.0,0.0,0.0,0.022004365921020508,0.0017824172973632812
41_Waveform,XGBClassifier,3,50.0,2.7576197387518144,97.24238026124819,0.0,0.0,0.0,0.0,0.022800207138061523,0.0016531944274902344
41_Waveform,XGBClassifier,4,50.0,3.6337209302325584,96.36627906976744,0.0,0.0,0.0,0.0,0.02108168601989746,0.0016274452209472656
41_Waveform,XGBClassifier,5,50.0,2.616279069767442,97.38372093023256,0.0,0.0,0.0,0.0,0.021172761917114258,0.0016236305236816406
42_WBC,XGBClassifier,1,50.0,2.2222222222222223,97.77777777777777,0.0,0.0,0.0,0.0,0.0127105712890625,0.0013301372528076172
42_WBC,XGBClassifier,2,50.0,2.2222222222222223,97.77777777777777,0.0,0.0,0.0,0.0,0.0131378173828125,0.0014586448669433594
42_WBC,XGBClassifier,3,50.0,8.88888888888889,91.11111111111111,0.0,0.0,0.0,0.0,0.012651205062866211,0.0014100074768066406
42_WBC,XGBClassifier,4,50.0,6.8181818181818175,93.18181818181817,0.0,0.0,0.0,0.0,0.013523578643798828,0.0014438629150390625
42_WBC,XGBClassifier,5,50.0,2.272727272727273,97.72727272727273,0.0,0.0,0.0,0.0,0.013689517974853516,0.0014643669128417969
43_WDBC,XGBClassifier,1,50.0,5.405405405405405,94.5945945945946,0.0,0.0,0.0,0.0,0.016483545303344727,0.0014836788177490234
43_WDBC,XGBClassifier,2,50.0,2.7027027027027026,97.2972972972973,0.0,0.0,0.0,0.0,0.01678013801574707,0.0015184879302978516
43_WDBC,XGBClassifier,3,50.0,1.36986301369863,98.63013698630137,0.0,0.0,0.0,0.0,0.01689600944519043,0.0015308856964111328
43_WDBC,XGBClassifier,4,50.0,2.73972602739726,97.26027397260275,0.0,0.0,0.0,0.0,0.028975486755371094,0.001642465591430664
43_WDBC,XGBClassifier,5,50.0,1.36986301369863,98.63013698630137,0.0,0.0,0.0,0.0,0.016163349151611328,0.0017044544219970703
44_Wilt,XGBClassifier,1,50.0,6.224066390041494,93.7759336099585,0.0,0.0,0.0,0.0,0.018268585205078125,0.0017163753509521484
44_Wilt,XGBClassifier,2,50.0,4.356846473029045,95.64315352697096,0.0,0.0,0.0,0.0,0.018961191177368164,0.0017154216766357422
44_Wilt,XGBClassifier,3,50.0,4.668049792531121,95.33195020746888,0.0,0.0,0.0,0.0,0.019838571548461914,0.001741170883178711
44_Wilt,XGBClassifier,4,50.0,6.846473029045644,93.15352697095436,0.0,0.0,0.0,0.0,0.01819586753845215,0.0016851425170898438
44_Wilt,XGBClassifier,5,50.0,4.569055036344756,95.43094496365524,0.0,0.0,0.0,0.0,0.018822908401489258,0.0017132759094238281
45_wine,XGBClassifier,1,50.0,3.8461538461538463,96.15384615384616,0.0,0.0,0.0,0.0,0.014190435409545898,0.0014705657958984375
45_wine,XGBClassifier,2,50.0,7.6923076923076925,92.3076923076923,0.0,0.0,0.0,0.0,0.013928890228271484,0.0013339519500732422
45_wine,XGBClassifier,3,50.0,15.384615384615385,84.61538461538461,0.0,0.0,0.0,0.0,0.01281595230102539,0.0013434886932373047
45_wine,XGBClassifier,4,50.0,3.8461538461538463,96.15384615384616,0.0,0.0,0.0,0.0,0.014429092407226562,0.0013933181762695312
45_wine,XGBClassifier,5,50.0,8.0,92.0,0.0,0.0,0.0,0.0,0.016582727432250977,0.0014581680297851562
46_WPBC,XGBClassifier,1,50.0,20.0,80.0,0.0,0.0,0.0,0.0,0.014664411544799805,0.0014524459838867188
46_WPBC,XGBClassifier,2,50.0,20.0,80.0,0.0,0.0,0.0,0.0,0.016031265258789062,0.0015060901641845703
46_WPBC,XGBClassifier,3,50.0,27.500000000000004,72.5,0.0,0.0,0.0,0.0,0.015067338943481445,0.0014979839324951172
46_WPBC,XGBClassifier,4,50.0,35.8974358974359,64.1025641025641,0.0,0.0,0.0,0.0,0.015477895736694336,0.0014698505401611328
46_WPBC,XGBClassifier,5,50.0,15.384615384615385,84.61538461538461,0.0,0.0,0.0,0.0,0.01574110984802246,0.0015087127685546875
47_yeast,XGBClassifier,1,50.0,35.01683501683502,64.98316498316498,0.0,0.0,0.0,0.0,0.014589309692382812,0.0015687942504882812
47_yeast,XGBClassifier,2,50.0,33.33333333333333,66.66666666666666,0.0,0.0,0.0,0.0,0.015499353408813477,0.0015840530395507812
47_yeast,XGBClassifier,3,50.0,34.00673400673401,65.993265993266,0.0,0.0,0.0,0.0,0.01483774185180664,0.0015614032745361328
47_yeast,XGBClassifier,4,50.0,32.996632996633,67.003367003367,0.0,0.0,0.0,0.0,0.015165090560913086,0.001600027084350586
47_yeast,XGBClassifier,5,50.0,35.47297297297297,64.52702702702703,0.0,0.0,0.0,0.0,0.014954566955566406,0.001573801040649414
