Dataset,Model,KFold,AUCROC,AUCPR,Accuracy,MCC,F1 Score,Precision,Recall,Time Train,Time Test
1_ALOI,XGBClassifier,1,50.0,27.150000000000002,72.85000000000001,0.0,0.0,0.0,0.0,0.35931992530822754,0.010518312454223633
1_ALOI,XGBClassifier,2,50.0,27.250000000000004,72.75,0.0,0.0,0.0,0.0,0.13971900939941406,0.0059816837310791016
1_ALOI,XGBClassifier,3,50.0,26.400000000000002,73.6,0.0,0.0,0.0,0.0,0.11670351028442383,0.009447097778320312
1_ALOI,XGBClassifier,4,50.0,25.55,74.45,0.0,0.0,0.0,0.0,0.11887884140014648,0.005834102630615234
1_ALOI,XGBClassifier,5,50.0,25.75,74.25,0.0,0.0,0.0,0.0,0.1285867691040039,0.010548114776611328
2_annthyroid,XGBClassifier,1,50.0,10.833333333333334,89.16666666666667,0.0,0.0,0.0,0.0,0.12601637840270996,0.002552509307861328
2_annthyroid,XGBClassifier,2,50.0,11.875,88.125,0.0,0.0,0.0,0.0,0.08232426643371582,0.008519649505615234
2_annthyroid,XGBClassifier,3,50.0,11.11111111111111,88.88888888888889,0.0,0.0,0.0,0.0,0.08133339881896973,0.003003835678100586
2_annthyroid,XGBClassifier,4,50.0,12.152777777777777,87.84722222222221,0.0,0.0,0.0,0.0,0.08499026298522949,0.0074880123138427734
2_annthyroid,XGBClassifier,5,50.0,11.944444444444445,88.05555555555556,0.0,0.0,0.0,0.0,0.08920049667358398,0.0033032894134521484
3_backdoor,XGBClassifier,1,50.0,8.05,91.95,0.0,0.0,0.0,0.0,0.24210405349731445,0.010996818542480469
3_backdoor,XGBClassifier,2,50.0,7.75,92.25,0.0,0.0,0.0,0.0,0.21023917198181152,0.006969451904296875
3_backdoor,XGBClassifier,3,50.0,8.3,91.7,0.0,0.0,0.0,0.0,0.22628498077392578,0.004812717437744141
3_backdoor,XGBClassifier,4,50.0,8.05,91.95,0.0,0.0,0.0,0.0,0.3082160949707031,0.011575937271118164
3_backdoor,XGBClassifier,5,50.0,7.95,92.05,0.0,0.0,0.0,0.0,0.3148188591003418,0.005204200744628906
4_breastw,XGBClassifier,1,50.0,47.44525547445255,52.55474452554745,0.0,0.0,0.0,0.0,0.10370349884033203,0.0029382705688476562
4_breastw,XGBClassifier,2,50.0,29.1970802919708,70.8029197080292,0.0,0.0,0.0,0.0,0.09903860092163086,0.003118276596069336
4_breastw,XGBClassifier,3,50.0,35.76642335766424,64.23357664233576,0.0,0.0,0.0,0.0,0.09868788719177246,0.0031609535217285156
4_breastw,XGBClassifier,4,50.0,30.88235294117647,69.11764705882352,0.0,0.0,0.0,0.0,0.07797765731811523,0.008388996124267578
4_breastw,XGBClassifier,5,50.0,40.44117647058824,59.55882352941176,0.0,0.0,0.0,0.0,0.10815143585205078,0.004665851593017578
5_campaign,XGBClassifier,1,50.0,15.45,84.55,0.0,0.0,0.0,0.0,0.20741915702819824,0.008771657943725586
5_campaign,XGBClassifier,2,50.0,15.4,84.6,0.0,0.0,0.0,0.0,0.19729042053222656,0.009275674819946289
5_campaign,XGBClassifier,3,50.0,14.249999999999998,85.75,0.0,0.0,0.0,0.0,0.20969653129577637,0.003920316696166992
5_campaign,XGBClassifier,4,50.0,16.2,83.8,0.0,0.0,0.0,0.0,0.20321154594421387,0.0036249160766601562
5_campaign,XGBClassifier,5,50.0,14.549999999999999,85.45,0.0,0.0,0.0,0.0,0.20260858535766602,0.0035495758056640625
6_cardio,XGBClassifier,1,50.0,14.713896457765669,85.28610354223434,0.0,0.0,0.0,0.0,0.11690998077392578,0.007464408874511719
6_cardio,XGBClassifier,2,50.0,12.841530054644808,87.1584699453552,0.0,0.0,0.0,0.0,0.12186694145202637,0.0026564598083496094
6_cardio,XGBClassifier,3,50.0,11.748633879781421,88.25136612021858,0.0,0.0,0.0,0.0,0.12863755226135254,0.007390022277832031
6_cardio,XGBClassifier,4,50.0,11.475409836065573,88.52459016393442,0.0,0.0,0.0,0.0,0.1187748908996582,0.0026674270629882812
6_cardio,XGBClassifier,5,50.0,14.48087431693989,85.51912568306011,0.0,0.0,0.0,0.0,0.12591218948364258,0.002536296844482422
7_Cardiotocography,XGBClassifier,1,50.0,22.458628841607563,77.54137115839244,0.0,0.0,0.0,0.0,0.12343049049377441,0.0035505294799804688
7_Cardiotocography,XGBClassifier,2,50.0,24.349881796690305,75.65011820330969,0.0,0.0,0.0,0.0,0.18126797676086426,0.00467991828918457
7_Cardiotocography,XGBClassifier,3,50.0,26.95035460992908,73.04964539007092,0.0,0.0,0.0,0.0,0.0466616153717041,0.0019826889038085938
7_Cardiotocography,XGBClassifier,4,50.0,24.822695035460992,75.177304964539,0.0,0.0,0.0,0.0,0.04407906532287598,0.001960277557373047
7_Cardiotocography,XGBClassifier,5,50.0,24.644549763033176,75.35545023696683,0.0,0.0,0.0,0.0,0.039719581604003906,0.0024077892303466797
8_celeba,XGBClassifier,1,50.0,7.049999999999999,92.95,0.0,0.0,0.0,0.0,0.11892294883728027,0.004418849945068359
8_celeba,XGBClassifier,2,50.0,6.1,93.89999999999999,0.0,0.0,0.0,0.0,0.15198326110839844,0.005644083023071289
8_celeba,XGBClassifier,3,50.0,5.8999999999999995,94.1,0.0,0.0,0.0,0.0,0.13057255744934082,0.0034177303314208984
8_celeba,XGBClassifier,4,50.0,6.3,93.7,0.0,0.0,0.0,0.0,0.12830877304077148,0.004902362823486328
8_celeba,XGBClassifier,5,50.0,7.75,92.25,0.0,0.0,0.0,0.0,0.11590242385864258,0.006524801254272461
9_census,XGBClassifier,1,50.0,10.6,89.4,0.0,0.0,0.0,0.0,0.2840852737426758,0.013419866561889648
9_census,XGBClassifier,2,50.0,11.799999999999999,88.2,0.0,0.0,0.0,0.0,0.2719860076904297,0.010197877883911133
9_census,XGBClassifier,3,50.0,10.6,89.4,0.0,0.0,0.0,0.0,0.2666175365447998,0.009276390075683594
9_census,XGBClassifier,4,50.0,10.2,89.8,0.0,0.0,0.0,0.0,0.29106998443603516,0.009501218795776367
9_census,XGBClassifier,5,50.0,10.549999999999999,89.45,0.0,0.0,0.0,0.0,0.39962244033813477,0.012663125991821289
10_cover,XGBClassifier,1,50.0,6.4,93.60000000000001,0.0,0.0,0.0,0.0,0.12584686279296875,0.003552675247192383
10_cover,XGBClassifier,2,50.0,5.25,94.75,0.0,0.0,0.0,0.0,0.08900713920593262,0.004426717758178711
10_cover,XGBClassifier,3,50.0,6.65,93.35,0.0,0.0,0.0,0.0,0.09985041618347168,0.004175424575805664
10_cover,XGBClassifier,4,50.0,6.35,93.65,0.0,0.0,0.0,0.0,0.10881638526916504,0.004360675811767578
10_cover,XGBClassifier,5,50.0,6.6000000000000005,93.4,0.0,0.0,0.0,0.0,0.09589195251464844,0.002866029739379883
11_donors,XGBClassifier,1,50.0,8.25,91.75,0.0,0.0,0.0,0.0,0.12340259552001953,0.011962890625
11_donors,XGBClassifier,2,50.0,10.95,89.05,0.0,0.0,0.0,0.0,0.10059857368469238,0.007952213287353516
11_donors,XGBClassifier,3,50.0,10.15,89.85,0.0,0.0,0.0,0.0,0.13965392112731934,0.005065441131591797
11_donors,XGBClassifier,4,50.0,10.4,89.60000000000001,0.0,0.0,0.0,0.0,0.13392186164855957,0.0027751922607421875
11_donors,XGBClassifier,5,50.0,9.75,90.25,0.0,0.0,0.0,0.0,0.1320044994354248,0.0037021636962890625
12_fault,XGBClassifier,1,50.0,36.50385604113111,63.49614395886889,0.0,0.0,0.0,0.0,0.11041688919067383,0.002519369125366211
12_fault,XGBClassifier,2,50.0,36.855670103092784,63.144329896907216,0.0,0.0,0.0,0.0,0.0873422622680664,0.011865615844726562
12_fault,XGBClassifier,3,50.0,33.24742268041237,66.75257731958763,0.0,0.0,0.0,0.0,0.09416317939758301,0.002147674560546875
12_fault,XGBClassifier,4,50.0,32.7319587628866,67.26804123711341,0.0,0.0,0.0,0.0,0.10996270179748535,0.0020062923431396484
12_fault,XGBClassifier,5,50.0,37.88659793814433,62.11340206185567,0.0,0.0,0.0,0.0,0.10654354095458984,0.01238250732421875
13_fraud,XGBClassifier,1,50.0,6.45,93.55,0.0,0.0,0.0,0.0,0.17502832412719727,0.004601001739501953
13_fraud,XGBClassifier,2,50.0,4.5,95.5,0.0,0.0,0.0,0.0,0.17585420608520508,0.002610921859741211
13_fraud,XGBClassifier,3,50.0,5.800000000000001,94.19999999999999,0.0,0.0,0.0,0.0,0.14089465141296387,0.0026082992553710938
13_fraud,XGBClassifier,4,50.0,4.7,95.3,0.0,0.0,0.0,0.0,0.14235520362854004,0.0037724971771240234
13_fraud,XGBClassifier,5,50.0,4.8500000000000005,95.15,0.0,0.0,0.0,0.0,0.14344382286071777,0.003437042236328125
14_glass,XGBClassifier,1,50.0,6.976744186046512,93.02325581395348,0.0,0.0,0.0,0.0,0.04650163650512695,0.002823352813720703
14_glass,XGBClassifier,2,50.0,2.3255813953488373,97.67441860465115,0.0,0.0,0.0,0.0,0.09638357162475586,0.0050506591796875
14_glass,XGBClassifier,3,50.0,11.627906976744185,88.37209302325581,0.0,0.0,0.0,0.0,0.04616808891296387,0.0032341480255126953
14_glass,XGBClassifier,4,50.0,13.953488372093023,86.04651162790698,0.0,0.0,0.0,0.0,0.04865431785583496,0.0029473304748535156
14_glass,XGBClassifier,5,50.0,9.523809523809524,90.47619047619048,0.0,0.0,0.0,0.0,0.05134773254394531,0.0068514347076416016
15_Hepatitis,XGBClassifier,1,50.0,12.5,87.5,0.0,0.0,0.0,0.0,0.04329371452331543,0.005976438522338867
15_Hepatitis,XGBClassifier,2,50.0,31.25,68.75,0.0,0.0,0.0,0.0,0.04845714569091797,0.005615234375
15_Hepatitis,XGBClassifier,3,50.0,18.75,81.25,0.0,0.0,0.0,0.0,0.05300498008728027,0.001956939697265625
15_Hepatitis,XGBClassifier,4,50.0,12.5,87.5,0.0,0.0,0.0,0.0,0.06601524353027344,0.004518270492553711
15_Hepatitis,XGBClassifier,5,50.0,31.25,68.75,0.0,0.0,0.0,0.0,0.04998064041137695,0.001470327377319336
16_http,XGBClassifier,1,50.0,5.65,94.35,0.0,0.0,0.0,0.0,0.09089875221252441,0.0037734508514404297
16_http,XGBClassifier,2,50.0,5.35,94.65,0.0,0.0,0.0,0.0,0.0987098217010498,0.004170656204223633
16_http,XGBClassifier,3,50.0,5.7,94.3,0.0,0.0,0.0,0.0,0.07883381843566895,0.0035827159881591797
16_http,XGBClassifier,4,50.0,5.8999999999999995,94.1,0.0,0.0,0.0,0.0,0.07496953010559082,0.008442401885986328
16_http,XGBClassifier,5,50.0,4.8500000000000005,95.15,0.0,0.0,0.0,0.0,0.09125709533691406,0.008658170700073242
17_InternetAds,XGBClassifier,1,50.0,20.304568527918782,79.69543147208121,0.0,0.0,0.0,0.0,0.28105902671813965,0.012943506240844727
17_InternetAds,XGBClassifier,2,50.0,19.84732824427481,80.1526717557252,0.0,0.0,0.0,0.0,0.2692391872406006,0.007014036178588867
17_InternetAds,XGBClassifier,3,50.0,25.699745547073793,74.30025445292621,0.0,0.0,0.0,0.0,0.22202610969543457,0.005598306655883789
17_InternetAds,XGBClassifier,4,50.0,20.10178117048346,79.89821882951654,0.0,0.0,0.0,0.0,0.37564587593078613,0.006467342376708984
17_InternetAds,XGBClassifier,5,50.0,18.3206106870229,81.67938931297711,0.0,0.0,0.0,0.0,0.3157920837402344,0.006302833557128906
18_Ionosphere,XGBClassifier,1,50.0,40.845070422535215,59.154929577464785,0.0,0.0,0.0,0.0,0.11825299263000488,0.002537250518798828
18_Ionosphere,XGBClassifier,2,50.0,37.142857142857146,62.857142857142854,0.0,0.0,0.0,0.0,0.14366888999938965,0.013317346572875977
18_Ionosphere,XGBClassifier,3,50.0,31.428571428571427,68.57142857142857,0.0,0.0,0.0,0.0,0.1492476463317871,0.0024330615997314453
18_Ionosphere,XGBClassifier,4,50.0,47.14285714285714,52.85714285714286,0.0,0.0,0.0,0.0,0.10554051399230957,0.003598451614379883
18_Ionosphere,XGBClassifier,5,50.0,35.714285714285715,64.28571428571429,0.0,0.0,0.0,0.0,0.12684011459350586,0.006083488464355469
19_landsat,XGBClassifier,1,50.0,24.164724164724163,75.83527583527584,0.0,0.0,0.0,0.0,0.1625669002532959,0.012308835983276367
19_landsat,XGBClassifier,2,50.0,23.543123543123542,76.45687645687646,0.0,0.0,0.0,0.0,0.14452028274536133,0.007441997528076172
19_landsat,XGBClassifier,3,50.0,24.475524475524477,75.52447552447552,0.0,0.0,0.0,0.0,0.16058921813964844,0.008607864379882812
19_landsat,XGBClassifier,4,50.0,21.833721833721835,78.16627816627818,0.0,0.0,0.0,0.0,0.15110182762145996,0.011030197143554688
19_landsat,XGBClassifier,5,50.0,24.864024864024863,75.13597513597513,0.0,0.0,0.0,0.0,0.16150116920471191,0.006357669830322266
20_letter,XGBClassifier,1,50.0,9.0625,90.9375,0.0,0.0,0.0,0.0,0.09214258193969727,0.004342079162597656
20_letter,XGBClassifier,2,50.0,10.9375,89.0625,0.0,0.0,0.0,0.0,0.12770438194274902,0.0023086071014404297
20_letter,XGBClassifier,3,50.0,7.8125,92.1875,0.0,0.0,0.0,0.0,0.12951374053955078,0.015102624893188477
20_letter,XGBClassifier,4,50.0,10.0,90.0,0.0,0.0,0.0,0.0,0.14023208618164062,0.003301382064819336
20_letter,XGBClassifier,5,50.0,10.3125,89.6875,0.0,0.0,0.0,0.0,0.07827973365783691,0.001814126968383789
21_Lymphography,XGBClassifier,1,,,100.0,0.0,0.0,0.0,0.0,0.09334969520568848,0.003542184829711914
21_Lymphography,XGBClassifier,2,50.0,6.666666666666667,93.33333333333333,0.0,0.0,0.0,0.0,0.06041526794433594,0.0028297901153564453
21_Lymphography,XGBClassifier,3,50.0,16.666666666666664,83.33333333333334,0.0,0.0,0.0,0.0,0.07017397880554199,0.004665851593017578
21_Lymphography,XGBClassifier,4,50.0,6.896551724137931,93.10344827586206,0.0,0.0,0.0,0.0,0.0724644660949707,0.002117156982421875
21_Lymphography,XGBClassifier,5,50.0,13.793103448275861,86.20689655172413,0.0,0.0,0.0,0.0,0.0702669620513916,0.0030612945556640625
22_magic.gamma,XGBClassifier,1,50.0,36.7,63.3,0.0,0.0,0.0,0.0,0.09114313125610352,0.007165670394897461
22_magic.gamma,XGBClassifier,2,50.0,36.95,63.05,0.0,0.0,0.0,0.0,0.08986496925354004,0.003905057907104492
22_magic.gamma,XGBClassifier,3,50.0,35.3,64.7,0.0,0.0,0.0,0.0,0.10523104667663574,0.009221553802490234
22_magic.gamma,XGBClassifier,4,50.0,37.6,62.4,0.0,0.0,0.0,0.0,0.09400820732116699,0.0037736892700195312
22_magic.gamma,XGBClassifier,5,50.0,37.15,62.849999999999994,0.0,0.0,0.0,0.0,0.09587693214416504,0.002354145050048828
23_mammography,XGBClassifier,1,50.0,6.1,93.89999999999999,0.0,0.0,0.0,0.0,0.10419082641601562,0.003937721252441406
23_mammography,XGBClassifier,2,50.0,7.55,92.45,0.0,0.0,0.0,0.0,0.10064029693603516,0.006879568099975586
23_mammography,XGBClassifier,3,50.0,6.550000000000001,93.45,0.0,0.0,0.0,0.0,0.09407472610473633,0.002894878387451172
23_mammography,XGBClassifier,4,50.0,7.35,92.65,0.0,0.0,0.0,0.0,0.1042337417602539,0.004698753356933594
23_mammography,XGBClassifier,5,50.0,7.1499999999999995,92.85,0.0,0.0,0.0,0.0,0.1048586368560791,0.007880687713623047
24_mnist,XGBClassifier,1,50.0,13.280736357659434,86.71926364234056,0.0,0.0,0.0,0.0,0.1575636863708496,0.006749391555786133
24_mnist,XGBClassifier,2,50.0,13.93819855358317,86.06180144641684,0.0,0.0,0.0,0.0,0.17171072959899902,0.0030241012573242188
24_mnist,XGBClassifier,3,50.0,13.280736357659434,86.71926364234056,0.0,0.0,0.0,0.0,0.15353989601135254,0.005452632904052734
24_mnist,XGBClassifier,4,50.0,14.01315789473684,85.98684210526316,0.0,0.0,0.0,0.0,0.12304353713989258,0.006674528121948242
24_mnist,XGBClassifier,5,50.0,13.618421052631579,86.38157894736842,0.0,0.0,0.0,0.0,0.12779808044433594,0.006578922271728516
25_musk,XGBClassifier,1,50.0,7.01468189233279,92.98531810766721,0.0,0.0,0.0,0.0,0.16111397743225098,0.003282308578491211
25_musk,XGBClassifier,2,50.0,7.6672104404567705,92.33278955954323,0.0,0.0,0.0,0.0,0.15735745429992676,0.004461765289306641
25_musk,XGBClassifier,3,50.0,6.535947712418301,93.4640522875817,0.0,0.0,0.0,0.0,0.16056227684020996,0.0039632320404052734
25_musk,XGBClassifier,4,50.0,9.640522875816995,90.359477124183,0.0,0.0,0.0,0.0,0.15435457229614258,0.0038073062896728516
25_musk,XGBClassifier,5,50.0,7.6797385620915035,92.3202614379085,0.0,0.0,0.0,0.0,0.1596968173980713,0.0036394596099853516
26_optdigits,XGBClassifier,1,50.0,8.333333333333332,91.66666666666666,0.0,0.0,0.0,0.0,0.06299686431884766,0.002889394760131836
26_optdigits,XGBClassifier,2,50.0,6.807286673058485,93.19271332694152,0.0,0.0,0.0,0.0,0.06733345985412598,0.0036525726318359375
26_optdigits,XGBClassifier,3,50.0,8.149568552253115,91.85043144774689,0.0,0.0,0.0,0.0,0.06688332557678223,0.0036361217498779297
26_optdigits,XGBClassifier,4,50.0,6.136145733461169,93.86385426653882,0.0,0.0,0.0,0.0,0.07187223434448242,0.006775617599487305
26_optdigits,XGBClassifier,5,50.0,7.574304889741132,92.42569511025887,0.0,0.0,0.0,0.0,0.06900882720947266,0.002825498580932617
27_PageBlocks,XGBClassifier,1,50.0,13.253012048192772,86.74698795180723,0.0,0.0,0.0,0.0,0.049210548400878906,0.003111124038696289
27_PageBlocks,XGBClassifier,2,50.0,13.80908248378128,86.19091751621872,0.0,0.0,0.0,0.0,0.04041337966918945,0.0034639835357666016
27_PageBlocks,XGBClassifier,3,50.0,12.418906394810008,87.58109360518999,0.0,0.0,0.0,0.0,0.06712937355041504,0.004542827606201172
27_PageBlocks,XGBClassifier,4,50.0,14.285714285714285,85.71428571428571,0.0,0.0,0.0,0.0,0.06265449523925781,0.00568079948425293
27_PageBlocks,XGBClassifier,5,50.0,12.894248608534323,87.10575139146567,0.0,0.0,0.0,0.0,0.04939150810241699,0.003385305404663086
28_pendigits,XGBClassifier,1,50.0,7.20524017467249,92.79475982532752,0.0,0.0,0.0,0.0,0.057314157485961914,0.007317543029785156
28_pendigits,XGBClassifier,2,50.0,7.3508005822416305,92.64919941775837,0.0,0.0,0.0,0.0,0.06297993659973145,0.0041980743408203125
28_pendigits,XGBClassifier,3,50.0,5.9679767103347885,94.03202328966522,0.0,0.0,0.0,0.0,0.07154393196105957,0.006658315658569336
28_pendigits,XGBClassifier,4,50.0,7.20524017467249,92.79475982532752,0.0,0.0,0.0,0.0,0.07052350044250488,0.006005287170410156
28_pendigits,XGBClassifier,5,50.0,6.550218340611353,93.44978165938865,0.0,0.0,0.0,0.0,0.06278586387634277,0.003419637680053711
29_Pima,XGBClassifier,1,50.0,37.01298701298701,62.98701298701299,0.0,0.0,0.0,0.0,0.03691840171813965,0.002268075942993164
29_Pima,XGBClassifier,2,50.0,31.818181818181817,68.18181818181817,0.0,0.0,0.0,0.0,0.037232160568237305,0.002735137939453125
29_Pima,XGBClassifier,3,50.0,35.714285714285715,64.28571428571429,0.0,0.0,0.0,0.0,0.03212404251098633,0.0018329620361328125
29_Pima,XGBClassifier,4,50.0,32.6797385620915,67.3202614379085,0.0,0.0,0.0,0.0,0.03405404090881348,0.0033888816833496094
29_Pima,XGBClassifier,5,50.0,38.56209150326798,61.43790849673203,0.0,0.0,0.0,0.0,0.03381180763244629,0.002073526382446289
30_satellite,XGBClassifier,1,50.0,33.41103341103341,66.58896658896658,0.0,0.0,0.0,0.0,0.055287837982177734,0.003132343292236328
30_satellite,XGBClassifier,2,50.0,32.012432012432015,67.98756798756799,0.0,0.0,0.0,0.0,0.07340121269226074,0.0024983882904052734
30_satellite,XGBClassifier,3,50.0,33.33333333333333,66.66666666666666,0.0,0.0,0.0,0.0,0.05736947059631348,0.003379344940185547
30_satellite,XGBClassifier,4,50.0,34.110334110334115,65.88966588966589,0.0,0.0,0.0,0.0,0.06005740165710449,0.0026993751525878906
30_satellite,XGBClassifier,5,50.0,34.57653457653458,65.42346542346542,0.0,0.0,0.0,0.0,0.0625615119934082,0.00453495979309082
31_satimage-2,XGBClassifier,1,50.0,6.976744186046512,93.02325581395348,0.0,0.0,0.0,0.0,0.10759663581848145,0.0040814876556396484
31_satimage-2,XGBClassifier,2,50.0,5.770887166236004,94.22911283376399,0.0,0.0,0.0,0.0,0.11564922332763672,0.0061266422271728516
31_satimage-2,XGBClassifier,3,50.0,5.684754521963824,94.31524547803618,0.0,0.0,0.0,0.0,0.11579346656799316,0.0031723976135253906
31_satimage-2,XGBClassifier,4,50.0,6.4655172413793105,93.53448275862068,0.0,0.0,0.0,0.0,0.128936767578125,0.0027005672454833984
31_satimage-2,XGBClassifier,5,50.0,5.689655172413794,94.3103448275862,0.0,0.0,0.0,0.0,0.12133669853210449,0.0033457279205322266
32_shuttle,XGBClassifier,1,50.0,12.25,87.75,0.0,0.0,0.0,0.0,0.10405826568603516,0.006917476654052734
32_shuttle,XGBClassifier,2,50.0,11.450000000000001,88.55,0.0,0.0,0.0,0.0,0.12329721450805664,0.0029451847076416016
32_shuttle,XGBClassifier,3,50.0,11.95,88.05,0.0,0.0,0.0,0.0,0.10650873184204102,0.0047261714935302734
32_shuttle,XGBClassifier,4,50.0,11.0,89.0,0.0,0.0,0.0,0.0,0.09917926788330078,0.004410743713378906
32_shuttle,XGBClassifier,5,50.0,12.0,88.0,0.0,0.0,0.0,0.0,0.11839723587036133,0.003599405288696289
33_skin,XGBClassifier,1,50.0,25.05,74.95,0.0,0.0,0.0,0.0,0.11043763160705566,0.003212451934814453
33_skin,XGBClassifier,2,50.0,24.7,75.3,0.0,0.0,0.0,0.0,0.11156153678894043,0.0062558650970458984
33_skin,XGBClassifier,3,50.0,25.7,74.3,0.0,0.0,0.0,0.0,0.1086735725402832,0.004947662353515625
33_skin,XGBClassifier,4,50.0,24.25,75.75,0.0,0.0,0.0,0.0,0.09261918067932129,0.004115581512451172
33_skin,XGBClassifier,5,50.0,23.9,76.1,0.0,0.0,0.0,0.0,0.10561871528625488,0.004199504852294922
34_smtp,XGBClassifier,1,50.0,6.7,93.30000000000001,0.0,0.0,0.0,0.0,0.10121011734008789,0.008286476135253906
34_smtp,XGBClassifier,2,50.0,4.55,95.45,0.0,0.0,0.0,0.0,0.11171770095825195,0.002989530563354492
34_smtp,XGBClassifier,3,50.0,4.8,95.19999999999999,0.0,0.0,0.0,0.0,0.10640573501586914,0.0053369998931884766
34_smtp,XGBClassifier,4,50.0,4.6,95.39999999999999,0.0,0.0,0.0,0.0,0.11657595634460449,0.004259347915649414
34_smtp,XGBClassifier,5,50.0,4.65,95.35,0.0,0.0,0.0,0.0,0.11145567893981934,0.005914926528930664
35_SpamBase,XGBClassifier,1,50.0,44.06175771971497,55.93824228028503,0.0,0.0,0.0,0.0,0.13905811309814453,0.0028383731842041016
35_SpamBase,XGBClassifier,2,50.0,39.90498812351544,60.09501187648456,0.0,0.0,0.0,0.0,0.1244347095489502,0.004585742950439453
35_SpamBase,XGBClassifier,3,50.0,39.47681331747919,60.523186682520816,0.0,0.0,0.0,0.0,0.12511134147644043,0.0048809051513671875
35_SpamBase,XGBClassifier,4,50.0,40.903686087990486,59.096313912009514,0.0,0.0,0.0,0.0,0.12515950202941895,0.0044689178466796875
35_SpamBase,XGBClassifier,5,50.0,40.903686087990486,59.096313912009514,0.0,0.0,0.0,0.0,0.14642691612243652,0.009352445602416992
36_speech,XGBClassifier,1,50.0,7.046070460704606,92.95392953929539,0.0,0.0,0.0,0.0,0.5679640769958496,0.010102033615112305
36_speech,XGBClassifier,2,50.0,6.7842605156037985,93.2157394843962,0.0,0.0,0.0,0.0,0.5614874362945557,0.0061457157135009766
36_speech,XGBClassifier,3,50.0,5.970149253731343,94.02985074626866,0.0,0.0,0.0,0.0,0.5723526477813721,0.007865190505981445
36_speech,XGBClassifier,4,50.0,6.241519674355495,93.7584803256445,0.0,0.0,0.0,0.0,0.5445530414581299,0.008904695510864258
36_speech,XGBClassifier,5,50.0,5.834464043419267,94.16553595658074,0.0,0.0,0.0,0.0,0.5756263732910156,0.007812023162841797
37_Stamps,XGBClassifier,1,50.0,11.76470588235294,88.23529411764706,0.0,0.0,0.0,0.0,0.08229303359985352,0.0018398761749267578
37_Stamps,XGBClassifier,2,50.0,23.52941176470588,76.47058823529412,0.0,0.0,0.0,0.0,0.09064412117004395,0.0030128955841064453
37_Stamps,XGBClassifier,3,50.0,7.352941176470589,92.64705882352942,0.0,0.0,0.0,0.0,0.06835627555847168,0.00397944450378418
37_Stamps,XGBClassifier,4,50.0,16.176470588235293,83.82352941176471,0.0,0.0,0.0,0.0,0.08675003051757812,0.004636526107788086
37_Stamps,XGBClassifier,5,50.0,8.823529411764707,91.17647058823529,0.0,0.0,0.0,0.0,0.09916162490844727,0.0034704208374023438
38_thyroid,XGBClassifier,1,50.0,7.28476821192053,92.71523178807946,0.0,0.0,0.0,0.0,0.09417343139648438,0.0027763843536376953
38_thyroid,XGBClassifier,2,50.0,7.682119205298013,92.31788079470199,0.0,0.0,0.0,0.0,0.09450507164001465,0.0024406909942626953
38_thyroid,XGBClassifier,3,50.0,7.824933687002653,92.17506631299734,0.0,0.0,0.0,0.0,0.09818553924560547,0.003902435302734375
38_thyroid,XGBClassifier,4,50.0,6.631299734748011,93.36870026525199,0.0,0.0,0.0,0.0,0.09046602249145508,0.0026946067810058594
38_thyroid,XGBClassifier,5,50.0,5.968169761273209,94.03183023872678,0.0,0.0,0.0,0.0,0.08826875686645508,0.003388643264770508
39_vertebral,XGBClassifier,1,50.0,20.833333333333336,79.16666666666666,0.0,0.0,0.0,0.0,0.02893805503845215,0.001773834228515625
39_vertebral,XGBClassifier,2,50.0,10.416666666666668,89.58333333333334,0.0,0.0,0.0,0.0,0.02717900276184082,0.0023832321166992188
39_vertebral,XGBClassifier,3,50.0,18.75,81.25,0.0,0.0,0.0,0.0,0.02910304069519043,0.0017061233520507812
39_vertebral,XGBClassifier,4,50.0,16.666666666666664,83.33333333333334,0.0,0.0,0.0,0.0,0.035414695739746094,0.0017158985137939453
39_vertebral,XGBClassifier,5,50.0,20.833333333333336,79.16666666666666,0.0,0.0,0.0,0.0,0.029896974563598633,0.001873016357421875
40_vowels,XGBClassifier,1,50.0,8.21917808219178,91.78082191780823,0.0,0.0,0.0,0.0,0.03916001319885254,0.002021312713623047
40_vowels,XGBClassifier,2,50.0,8.59106529209622,91.40893470790378,0.0,0.0,0.0,0.0,0.06673431396484375,0.002105712890625
40_vowels,XGBClassifier,3,50.0,8.24742268041237,91.75257731958763,0.0,0.0,0.0,0.0,0.03463029861450195,0.0019636154174804688
40_vowels,XGBClassifier,4,50.0,7.560137457044673,92.43986254295532,0.0,0.0,0.0,0.0,0.03632712364196777,0.0021789073944091797
40_vowels,XGBClassifier,5,50.0,6.529209621993128,93.47079037800687,0.0,0.0,0.0,0.0,0.03329920768737793,0.0019321441650390625
41_Waveform,XGBClassifier,1,50.0,8.708272859216255,91.29172714078373,0.0,0.0,0.0,0.0,0.048265933990478516,0.0021970272064208984
41_Waveform,XGBClassifier,2,50.0,6.676342525399129,93.32365747460088,0.0,0.0,0.0,0.0,0.1231226921081543,0.002524852752685547
41_Waveform,XGBClassifier,3,50.0,8.127721335268506,91.8722786647315,0.0,0.0,0.0,0.0,0.14509057998657227,0.002915620803833008
41_Waveform,XGBClassifier,4,50.0,8.13953488372093,91.86046511627907,0.0,0.0,0.0,0.0,0.16782617568969727,0.0041370391845703125
41_Waveform,XGBClassifier,5,50.0,6.104651162790697,93.8953488372093,0.0,0.0,0.0,0.0,0.1435682773590088,0.002704620361328125
42_WBC,XGBClassifier,1,50.0,8.88888888888889,91.11111111111111,0.0,0.0,0.0,0.0,0.07816171646118164,0.002532958984375
42_WBC,XGBClassifier,2,50.0,6.666666666666667,93.33333333333333,0.0,0.0,0.0,0.0,0.12004256248474121,0.00307464599609375
42_WBC,XGBClassifier,3,50.0,13.333333333333334,86.66666666666667,0.0,0.0,0.0,0.0,0.08813357353210449,0.002389669418334961
42_WBC,XGBClassifier,4,50.0,13.636363636363635,86.36363636363636,0.0,0.0,0.0,0.0,0.09827232360839844,0.00652766227722168
42_WBC,XGBClassifier,5,50.0,4.545454545454546,95.45454545454545,0.0,0.0,0.0,0.0,0.0885918140411377,0.006562709808349609
43_WDBC,XGBClassifier,1,50.0,10.81081081081081,89.1891891891892,0.0,0.0,0.0,0.0,0.1062924861907959,0.0018475055694580078
43_WDBC,XGBClassifier,2,50.0,2.7027027027027026,97.2972972972973,0.0,0.0,0.0,0.0,0.10106515884399414,0.0032274723052978516
43_WDBC,XGBClassifier,3,50.0,2.73972602739726,97.26027397260275,0.0,0.0,0.0,0.0,0.10655736923217773,0.005882978439331055
43_WDBC,XGBClassifier,4,50.0,5.47945205479452,94.52054794520548,0.0,0.0,0.0,0.0,0.10545873641967773,0.002134084701538086
43_WDBC,XGBClassifier,5,50.0,13.698630136986301,86.3013698630137,0.0,0.0,0.0,0.0,0.10524892807006836,0.0063934326171875
44_Wilt,XGBClassifier,1,50.0,10.892116182572614,89.10788381742739,0.0,0.0,0.0,0.0,0.1256239414215088,0.010374307632446289
44_Wilt,XGBClassifier,2,50.0,9.854771784232366,90.14522821576763,0.0,0.0,0.0,0.0,0.13856124877929688,0.011114120483398438
44_Wilt,XGBClassifier,3,50.0,9.232365145228217,90.76763485477179,0.0,0.0,0.0,0.0,0.1235361099243164,0.004448890686035156
44_Wilt,XGBClassifier,4,50.0,10.995850622406639,89.00414937759335,0.0,0.0,0.0,0.0,0.1348884105682373,0.004515647888183594
44_Wilt,XGBClassifier,5,50.0,8.307372793354102,91.6926272066459,0.0,0.0,0.0,0.0,0.11620497703552246,0.008041620254516602
45_wine,XGBClassifier,1,50.0,11.538461538461538,88.46153846153845,0.0,0.0,0.0,0.0,0.08969378471374512,0.0016739368438720703
45_wine,XGBClassifier,2,50.0,7.6923076923076925,92.3076923076923,0.0,0.0,0.0,0.0,0.11276602745056152,0.005244731903076172
45_wine,XGBClassifier,3,50.0,23.076923076923077,76.92307692307693,0.0,0.0,0.0,0.0,0.09173083305358887,0.0015633106231689453
45_wine,XGBClassifier,4,50.0,11.538461538461538,88.46153846153845,0.0,0.0,0.0,0.0,0.10242366790771484,0.0018169879913330078
45_wine,XGBClassifier,5,50.0,8.0,92.0,0.0,0.0,0.0,0.0,0.09742856025695801,0.0025322437286376953
46_WPBC,XGBClassifier,1,50.0,27.500000000000004,72.5,0.0,0.0,0.0,0.0,0.10904932022094727,0.003351449966430664
46_WPBC,XGBClassifier,2,50.0,25.0,75.0,0.0,0.0,0.0,0.0,0.0844564437866211,0.001684427261352539
46_WPBC,XGBClassifier,3,50.0,27.500000000000004,72.5,0.0,0.0,0.0,0.0,0.09360671043395996,0.00579524040222168
46_WPBC,XGBClassifier,4,50.0,33.33333333333333,66.66666666666666,0.0,0.0,0.0,0.0,0.09599518775939941,0.0035674571990966797
46_WPBC,XGBClassifier,5,50.0,17.94871794871795,82.05128205128204,0.0,0.0,0.0,0.0,0.09331059455871582,0.0054149627685546875
47_yeast,XGBClassifier,1,50.0,36.02693602693603,63.97306397306397,0.0,0.0,0.0,0.0,0.1009831428527832,0.0030298233032226562
47_yeast,XGBClassifier,2,50.0,35.01683501683502,64.98316498316498,0.0,0.0,0.0,0.0,0.10152077674865723,0.002513885498046875
47_yeast,XGBClassifier,3,50.0,33.670033670033675,66.32996632996633,0.0,0.0,0.0,0.0,0.10219025611877441,0.006272315979003906
47_yeast,XGBClassifier,4,50.0,36.36363636363637,63.63636363636363,0.0,0.0,0.0,0.0,0.12998414039611816,0.00594782829284668
47_yeast,XGBClassifier,5,50.0,35.13513513513514,64.86486486486487,0.0,0.0,0.0,0.0,0.0948953628540039,0.009799003601074219
