Dataset,Model,KFold,AUCROC,AUCPR,Accuracy,MCC,F1 Score,Precision,Recall,Time Train,Time Test
1_ALOI,XGBClassifier,1,50.0,6.25,93.75,0.0,0.0,0.0,0.0,0.17668914794921875,0.002404928207397461
1_ALOI,XGBClassifier,2,50.0,5.8500000000000005,94.15,0.0,0.0,0.0,0.0,0.031202316284179688,0.0020613670349121094
1_ALOI,XGBClassifier,3,50.0,5.35,94.65,0.0,0.0,0.0,0.0,0.030506610870361328,0.002385377883911133
1_ALOI,XGBClassifier,4,50.0,5.4,94.6,0.0,0.0,0.0,0.0,0.02996063232421875,0.0021963119506835938
1_ALOI,XGBClassifier,5,50.0,6.25,93.75,0.0,0.0,0.0,0.0,0.031157732009887695,0.002039670944213867
2_annthyroid,XGBClassifier,1,50.0,11.893988364576598,88.1060116354234,0.0,0.0,0.0,0.0,0.020228147506713867,0.0018754005432128906
2_annthyroid,XGBClassifier,2,50.0,13.251454427925017,86.74854557207499,0.0,0.0,0.0,0.0,0.02030205726623535,0.001970529556274414
2_annthyroid,XGBClassifier,3,50.0,14.996767937944409,85.00323206205559,0.0,0.0,0.0,0.0,0.021844863891601562,0.0018961429595947266
2_annthyroid,XGBClassifier,4,50.0,14.802844214608921,85.19715578539108,0.0,0.0,0.0,0.0,0.02016425132751465,0.0018498897552490234
2_annthyroid,XGBClassifier,5,50.0,14.100905562742561,85.89909443725745,0.0,0.0,0.0,0.0,0.020210981369018555,0.0018460750579833984
3_backdoor,XGBClassifier,1,50.0,4.6,95.39999999999999,0.0,0.0,0.0,0.0,0.08317852020263672,0.002950429916381836
3_backdoor,XGBClassifier,2,50.0,4.75,95.25,0.0,0.0,0.0,0.0,0.08359766006469727,0.00293731689453125
3_backdoor,XGBClassifier,3,50.0,4.8500000000000005,95.15,0.0,0.0,0.0,0.0,0.08240556716918945,0.0030350685119628906
3_backdoor,XGBClassifier,4,50.0,5.55,94.45,0.0,0.0,0.0,0.0,0.08327436447143555,0.0032052993774414062
3_backdoor,XGBClassifier,5,50.0,4.25,95.75,0.0,0.0,0.0,0.0,0.08909797668457031,0.003384113311767578
4_breastw,XGBClassifier,1,50.0,53.51351351351351,46.48648648648649,0.0,0.0,0.0,0.0,0.01380467414855957,0.001550912857055664
4_breastw,XGBClassifier,2,50.0,45.94594594594595,54.054054054054056,0.0,0.0,0.0,0.0,0.015694618225097656,0.0015957355499267578
4_breastw,XGBClassifier,3,50.0,59.2391304347826,40.76086956521739,0.0,0.0,0.0,0.0,0.013501405715942383,0.0016448497772216797
4_breastw,XGBClassifier,4,50.0,49.45652173913043,50.54347826086957,0.0,0.0,0.0,0.0,0.013917684555053711,0.0015459060668945312
4_breastw,XGBClassifier,5,50.0,51.08695652173913,48.91304347826087,0.0,0.0,0.0,0.0,0.01430368423461914,0.0015652179718017578
5_campaign,XGBClassifier,1,50.0,19.55,80.45,0.0,0.0,0.0,0.0,0.04744696617126465,0.002239227294921875
5_campaign,XGBClassifier,2,50.0,20.65,79.35,0.0,0.0,0.0,0.0,0.031909942626953125,0.002158641815185547
5_campaign,XGBClassifier,3,50.0,20.95,79.05,0.0,0.0,0.0,0.0,0.03251218795776367,0.002187490463256836
5_campaign,XGBClassifier,4,50.0,20.95,79.05,0.0,0.0,0.0,0.0,0.03227710723876953,0.0021834373474121094
5_campaign,XGBClassifier,5,50.0,20.65,79.35,0.0,0.0,0.0,0.0,0.031922340393066406,0.002192974090576172
6_cardio,XGBClassifier,1,50.0,16.169154228855724,83.83084577114428,0.0,0.0,0.0,0.0,0.01799774169921875,0.0016188621520996094
6_cardio,XGBClassifier,2,50.0,17.16417910447761,82.83582089552239,0.0,0.0,0.0,0.0,0.018169403076171875,0.0016758441925048828
6_cardio,XGBClassifier,3,50.0,19.45137157107232,80.54862842892769,0.0,0.0,0.0,0.0,0.017783403396606445,0.0016171932220458984
6_cardio,XGBClassifier,4,50.0,16.458852867830423,83.54114713216958,0.0,0.0,0.0,0.0,0.01717686653137207,0.0016396045684814453
6_cardio,XGBClassifier,5,50.0,18.453865336658353,81.54613466334165,0.0,0.0,0.0,0.0,0.01752924919128418,0.001603841781616211
7_Cardiotocography,XGBClassifier,1,50.0,36.627906976744185,63.372093023255815,0.0,0.0,0.0,0.0,0.01747894287109375,0.0016472339630126953
7_Cardiotocography,XGBClassifier,2,50.0,32.36434108527132,67.63565891472868,0.0,0.0,0.0,0.0,0.0187835693359375,0.0016298294067382812
7_Cardiotocography,XGBClassifier,3,50.0,35.46511627906977,64.53488372093024,0.0,0.0,0.0,0.0,0.017528295516967773,0.00164031982421875
7_Cardiotocography,XGBClassifier,4,50.0,38.372093023255815,61.627906976744185,0.0,0.0,0.0,0.0,0.017868757247924805,0.0016360282897949219
7_Cardiotocography,XGBClassifier,5,50.0,37.7906976744186,62.2093023255814,0.0,0.0,0.0,0.0,0.017487764358520508,0.0016880035400390625
8_celeba,XGBClassifier,1,50.0,4.3,95.7,0.0,0.0,0.0,0.0,0.031016111373901367,0.002147674560546875
8_celeba,XGBClassifier,2,50.0,4.1000000000000005,95.89999999999999,0.0,0.0,0.0,0.0,0.02999114990234375,0.002076387405395508
8_celeba,XGBClassifier,3,50.0,4.3999999999999995,95.6,0.0,0.0,0.0,0.0,0.029827356338500977,0.0020644664764404297
8_celeba,XGBClassifier,4,50.0,4.65,95.35,0.0,0.0,0.0,0.0,0.029363155364990234,0.002296924591064453
8_celeba,XGBClassifier,5,50.0,4.3,95.7,0.0,0.0,0.0,0.0,0.029542207717895508,0.0020666122436523438
9_census,XGBClassifier,1,50.0,11.25,88.75,0.0,0.0,0.0,0.0,0.15595626831054688,0.004607677459716797
9_census,XGBClassifier,2,50.0,10.75,89.25,0.0,0.0,0.0,0.0,0.15519428253173828,0.004691123962402344
9_census,XGBClassifier,3,50.0,10.0,90.0,0.0,0.0,0.0,0.0,0.1533651351928711,0.005757331848144531
9_census,XGBClassifier,4,50.0,12.3,87.7,0.0,0.0,0.0,0.0,0.1604628562927246,0.004656791687011719
9_census,XGBClassifier,5,50.0,10.6,89.4,0.0,0.0,0.0,0.0,0.16299843788146973,0.0058438777923583984
10_cover,XGBClassifier,1,50.0,1.6500000000000001,98.35000000000001,0.0,0.0,0.0,0.0,0.025343656539916992,0.002071857452392578
10_cover,XGBClassifier,2,50.0,2.1,97.89999999999999,0.0,0.0,0.0,0.0,0.02698230743408203,0.002057790756225586
10_cover,XGBClassifier,3,50.0,1.95,98.05,0.0,0.0,0.0,0.0,0.024984359741210938,0.0018768310546875
10_cover,XGBClassifier,4,50.0,2.3,97.7,0.0,0.0,0.0,0.0,0.024681806564331055,0.0022284984588623047
10_cover,XGBClassifier,5,50.0,1.5,98.5,0.0,0.0,0.0,0.0,0.02652907371520996,0.002137899398803711
11_donors,XGBClassifier,1,50.0,11.200000000000001,88.8,0.0,0.0,0.0,0.0,0.02166604995727539,0.0019125938415527344
11_donors,XGBClassifier,2,50.0,10.95,89.05,0.0,0.0,0.0,0.0,0.021780014038085938,0.0019407272338867188
11_donors,XGBClassifier,3,50.0,11.35,88.64999999999999,0.0,0.0,0.0,0.0,0.021890878677368164,0.0019214153289794922
11_donors,XGBClassifier,4,50.0,10.299999999999999,89.7,0.0,0.0,0.0,0.0,0.021493911743164062,0.0023751258850097656
11_donors,XGBClassifier,5,50.0,11.85,88.14999999999999,0.0,0.0,0.0,0.0,0.022505760192871094,0.0019235610961914062
12_fault,XGBClassifier,1,50.0,53.72848948374761,46.27151051625239,0.0,0.0,0.0,0.0,0.018852710723876953,0.0016939640045166016
12_fault,XGBClassifier,2,50.0,52.198852772466545,47.801147227533455,0.0,0.0,0.0,0.0,0.018683910369873047,0.0017404556274414062
12_fault,XGBClassifier,3,50.0,48.75717017208413,51.24282982791587,0.0,0.0,0.0,0.0,0.01959514617919922,0.0016851425170898438
12_fault,XGBClassifier,4,50.0,50.2868068833652,49.7131931166348,0.0,0.0,0.0,0.0,0.019178152084350586,0.0016338825225830078
12_fault,XGBClassifier,5,50.0,52.490421455938694,47.509578544061306,0.0,0.0,0.0,0.0,0.018934249877929688,0.0016353130340576172
13_fraud,XGBClassifier,1,50.0,0.44999999999999996,99.55000000000001,0.0,0.0,0.0,0.0,0.036301374435424805,0.001981019973754883
13_fraud,XGBClassifier,2,50.0,0.35000000000000003,99.65,0.0,0.0,0.0,0.0,0.041214704513549805,0.004756927490234375
13_fraud,XGBClassifier,3,50.0,0.25,99.75,0.0,0.0,0.0,0.0,0.04146432876586914,0.002361297607421875
13_fraud,XGBClassifier,4,50.0,0.35000000000000003,99.65,0.0,0.0,0.0,0.0,0.04048609733581543,0.001984119415283203
13_fraud,XGBClassifier,5,50.0,0.3,99.7,0.0,0.0,0.0,0.0,0.036651611328125,0.0019991397857666016
14_glass,XGBClassifier,1,50.0,6.666666666666667,93.33333333333333,0.0,0.0,0.0,0.0,0.014232397079467773,0.0014884471893310547
14_glass,XGBClassifier,2,50.0,15.555555555555555,84.44444444444444,0.0,0.0,0.0,0.0,0.013481378555297852,0.0015327930450439453
14_glass,XGBClassifier,3,50.0,8.88888888888889,91.11111111111111,0.0,0.0,0.0,0.0,0.013741254806518555,0.0014469623565673828
14_glass,XGBClassifier,4,50.0,4.545454545454546,95.45454545454545,0.0,0.0,0.0,0.0,0.014163970947265625,0.0015420913696289062
14_glass,XGBClassifier,5,50.0,4.545454545454546,95.45454545454545,0.0,0.0,0.0,0.0,0.013360023498535156,0.0014295578002929688
15_Hepatitis,XGBClassifier,1,50.0,26.31578947368421,73.68421052631578,0.0,0.0,0.0,0.0,0.013642311096191406,0.00142669677734375
15_Hepatitis,XGBClassifier,2,50.0,26.31578947368421,73.68421052631578,0.0,0.0,0.0,0.0,0.01349639892578125,0.0014286041259765625
15_Hepatitis,XGBClassifier,3,50.0,15.789473684210526,84.21052631578947,0.0,0.0,0.0,0.0,0.013394832611083984,0.0013887882232666016
15_Hepatitis,XGBClassifier,4,50.0,33.33333333333333,66.66666666666666,0.0,0.0,0.0,0.0,0.014591693878173828,0.0014176368713378906
15_Hepatitis,XGBClassifier,5,50.0,38.88888888888889,61.111111111111114,0.0,0.0,0.0,0.0,0.013206005096435547,0.001422882080078125
16_http,XGBClassifier,1,50.0,0.95,99.05000000000001,0.0,0.0,0.0,0.0,0.0212252140045166,0.001924753189086914
16_http,XGBClassifier,2,50.0,0.7000000000000001,99.3,0.0,0.0,0.0,0.0,0.02169632911682129,0.0021076202392578125
16_http,XGBClassifier,3,50.0,0.8,99.2,0.0,0.0,0.0,0.0,0.021939516067504883,0.0020029544830322266
16_http,XGBClassifier,4,50.0,0.7000000000000001,99.3,0.0,0.0,0.0,0.0,0.02335333824157715,0.0018515586853027344
16_http,XGBClassifier,5,50.0,0.75,99.25,0.0,0.0,0.0,0.0,0.021719932556152344,0.0018465518951416016
17_InternetAds,XGBClassifier,1,50.0,30.406852248394006,69.593147751606,0.0,0.0,0.0,0.0,0.1565380096435547,0.005128622055053711
17_InternetAds,XGBClassifier,2,50.0,30.620985010706637,69.37901498929337,0.0,0.0,0.0,0.0,0.15927362442016602,0.0052149295806884766
17_InternetAds,XGBClassifier,3,50.0,34.475374732334046,65.52462526766595,0.0,0.0,0.0,0.0,0.15309906005859375,0.0052547454833984375
17_InternetAds,XGBClassifier,4,50.0,29.764453961456105,70.2355460385439,0.0,0.0,0.0,0.0,0.15921688079833984,0.005308866500854492
17_InternetAds,XGBClassifier,5,50.0,32.40343347639485,67.59656652360515,0.0,0.0,0.0,0.0,0.13933682441711426,0.0051500797271728516
18_Ionosphere,XGBClassifier,1,50.0,54.166666666666664,45.83333333333333,0.0,0.0,0.0,0.0,0.01622486114501953,0.0015745162963867188
18_Ionosphere,XGBClassifier,2,50.0,57.291666666666664,42.70833333333333,0.0,0.0,0.0,0.0,0.01570296287536621,0.0015528202056884766
18_Ionosphere,XGBClassifier,3,50.0,51.578947368421055,48.421052631578945,0.0,0.0,0.0,0.0,0.015114545822143555,0.0015826225280761719
18_Ionosphere,XGBClassifier,4,50.0,57.89473684210527,42.10526315789473,0.0,0.0,0.0,0.0,0.0178067684173584,0.0015835762023925781
18_Ionosphere,XGBClassifier,5,50.0,43.15789473684211,56.84210526315789,0.0,0.0,0.0,0.0,0.015984058380126953,0.001573324203491211
19_landsat,XGBClassifier,1,50.0,35.45688545688546,64.54311454311454,0.0,0.0,0.0,0.0,0.02577519416809082,0.002204418182373047
19_landsat,XGBClassifier,2,50.0,34.87773487773488,65.12226512226512,0.0,0.0,0.0,0.0,0.024887561798095703,0.0020089149475097656
19_landsat,XGBClassifier,3,50.0,33.78378378378378,66.21621621621621,0.0,0.0,0.0,0.0,0.024573564529418945,0.002075672149658203
19_landsat,XGBClassifier,4,50.0,31.873792659368966,68.12620734063104,0.0,0.0,0.0,0.0,0.025548219680786133,0.0019812583923339844
19_landsat,XGBClassifier,5,50.0,35.6084996780425,64.39150032195751,0.0,0.0,0.0,0.0,0.024648666381835938,0.0019702911376953125
20_letter,XGBClassifier,1,50.0,12.941176470588237,87.05882352941177,0.0,0.0,0.0,0.0,0.01709127426147461,0.001577615737915039
20_letter,XGBClassifier,2,50.0,11.76470588235294,88.23529411764706,0.0,0.0,0.0,0.0,0.017146587371826172,0.0015971660614013672
20_letter,XGBClassifier,3,50.0,11.176470588235295,88.8235294117647,0.0,0.0,0.0,0.0,0.016556262969970703,0.0015993118286132812
20_letter,XGBClassifier,4,50.0,11.176470588235295,88.8235294117647,0.0,0.0,0.0,0.0,0.017542362213134766,0.0017237663269042969
20_letter,XGBClassifier,5,50.0,11.76470588235294,88.23529411764706,0.0,0.0,0.0,0.0,0.01673436164855957,0.0019259452819824219
21_Lymphography,XGBClassifier,1,50.0,3.225806451612903,96.7741935483871,0.0,0.0,0.0,0.0,0.013962507247924805,0.0014290809631347656
21_Lymphography,XGBClassifier,2,50.0,9.67741935483871,90.32258064516128,0.0,0.0,0.0,0.0,0.014081239700317383,0.001440286636352539
21_Lymphography,XGBClassifier,3,50.0,9.67741935483871,90.32258064516128,0.0,0.0,0.0,0.0,0.012986183166503906,0.0015416145324707031
21_Lymphography,XGBClassifier,4,50.0,12.903225806451612,87.09677419354838,0.0,0.0,0.0,0.0,0.013662576675415039,0.001445770263671875
21_Lymphography,XGBClassifier,5,50.0,3.3333333333333335,96.66666666666667,0.0,0.0,0.0,0.0,0.013808965682983398,0.0014362335205078125
22_magic.gamma,XGBClassifier,1,50.0,52.2,47.8,0.0,0.0,0.0,0.0,0.029152393341064453,0.005116939544677734
22_magic.gamma,XGBClassifier,2,50.0,50.849999999999994,49.15,0.0,0.0,0.0,0.0,0.021270751953125,0.0021233558654785156
22_magic.gamma,XGBClassifier,3,50.0,52.55,47.449999999999996,0.0,0.0,0.0,0.0,0.02082347869873047,0.001958131790161133
22_magic.gamma,XGBClassifier,4,50.0,51.949999999999996,48.05,0.0,0.0,0.0,0.0,0.020551443099975586,0.0019004344940185547
22_magic.gamma,XGBClassifier,5,50.0,52.55,47.449999999999996,0.0,0.0,0.0,0.0,0.020514726638793945,0.0018956661224365234
23_mammography,XGBClassifier,1,50.0,4.8,95.19999999999999,0.0,0.0,0.0,0.0,0.0229947566986084,0.0019936561584472656
23_mammography,XGBClassifier,2,50.0,3.6999999999999997,96.3,0.0,0.0,0.0,0.0,0.0229341983795166,0.0018837451934814453
23_mammography,XGBClassifier,3,50.0,4.2,95.8,0.0,0.0,0.0,0.0,0.02342391014099121,0.0019116401672363281
23_mammography,XGBClassifier,4,50.0,5.25,94.75,0.0,0.0,0.0,0.0,0.0235135555267334,0.0021309852600097656
23_mammography,XGBClassifier,5,50.0,4.7,95.3,0.0,0.0,0.0,0.0,0.023320436477661133,0.0018367767333984375
24_mnist,XGBClassifier,1,50.0,16.736905478627335,83.26309452137266,0.0,0.0,0.0,0.0,0.044420719146728516,0.0023550987243652344
24_mnist,XGBClassifier,2,50.0,16.736905478627335,83.26309452137266,0.0,0.0,0.0,0.0,0.044431447982788086,0.0023369789123535156
24_mnist,XGBClassifier,3,50.0,17.94099939795304,82.05900060204696,0.0,0.0,0.0,0.0,0.04640984535217285,0.0023195743560791016
24_mnist,XGBClassifier,4,50.0,15.060240963855422,84.93975903614458,0.0,0.0,0.0,0.0,0.04598855972290039,0.002355813980102539
24_mnist,XGBClassifier,5,50.0,17.83132530120482,82.16867469879519,0.0,0.0,0.0,0.0,0.045320987701416016,0.002348661422729492
25_musk,XGBClassifier,1,50.0,6.962025316455696,93.0379746835443,0.0,0.0,0.0,0.0,0.05815863609313965,0.001959562301635742
25_musk,XGBClassifier,2,50.0,6.329113924050633,93.67088607594937,0.0,0.0,0.0,0.0,0.056218862533569336,0.001939535140991211
25_musk,XGBClassifier,3,50.0,5.8544303797468356,94.14556962025317,0.0,0.0,0.0,0.0,0.058984994888305664,0.002129077911376953
25_musk,XGBClassifier,4,50.0,5.69620253164557,94.30379746835443,0.0,0.0,0.0,0.0,0.05849170684814453,0.0020394325256347656
25_musk,XGBClassifier,5,50.0,5.863708399366086,94.13629160063391,0.0,0.0,0.0,0.0,0.05892300605773926,0.0019326210021972656
26_optdigits,XGBClassifier,1,50.0,6.238361266294227,93.76163873370578,0.0,0.0,0.0,0.0,0.027727365493774414,0.002016305923461914
26_optdigits,XGBClassifier,2,50.0,5.032618825722274,94.96738117427772,0.0,0.0,0.0,0.0,0.02917933464050293,0.0019276142120361328
26_optdigits,XGBClassifier,3,50.0,5.684995340167754,94.31500465983224,0.0,0.0,0.0,0.0,0.028089284896850586,0.0020112991333007812
26_optdigits,XGBClassifier,4,50.0,5.778191985088537,94.22180801491147,0.0,0.0,0.0,0.0,0.027477025985717773,0.0019450187683105469
26_optdigits,XGBClassifier,5,50.0,5.21901211556384,94.78098788443616,0.0,0.0,0.0,0.0,0.02852010726928711,0.0019600391387939453
27_PageBlocks,XGBClassifier,1,50.0,17.781541066892466,82.21845893310754,0.0,0.0,0.0,0.0,0.019820213317871094,0.0018260478973388672
27_PageBlocks,XGBClassifier,2,50.0,16.51143099068586,83.48856900931413,0.0,0.0,0.0,0.0,0.01958322525024414,0.0019516944885253906
27_PageBlocks,XGBClassifier,3,50.0,16.76545300592718,83.23454699407282,0.0,0.0,0.0,0.0,0.019808053970336914,0.0018992424011230469
27_PageBlocks,XGBClassifier,4,50.0,18.389830508474574,81.61016949152543,0.0,0.0,0.0,0.0,0.01955580711364746,0.002012014389038086
27_PageBlocks,XGBClassifier,5,50.0,16.94915254237288,83.05084745762711,0.0,0.0,0.0,0.0,0.019847631454467773,0.0019915103912353516
28_pendigits,XGBClassifier,1,50.0,3.627311522048364,96.37268847795164,0.0,0.0,0.0,0.0,0.025341510772705078,0.0017931461334228516
28_pendigits,XGBClassifier,2,50.0,4.341637010676156,95.65836298932385,0.0,0.0,0.0,0.0,0.024982929229736328,0.0017828941345214844
28_pendigits,XGBClassifier,3,50.0,3.9145907473309607,96.08540925266904,0.0,0.0,0.0,0.0,0.024838924407958984,0.0022153854370117188
28_pendigits,XGBClassifier,4,50.0,6.334519572953737,93.66548042704626,0.0,0.0,0.0,0.0,0.025084972381591797,0.0017783641815185547
28_pendigits,XGBClassifier,5,50.0,3.98576512455516,96.01423487544484,0.0,0.0,0.0,0.0,0.024616718292236328,0.0017850399017333984
29_Pima,XGBClassifier,1,50.0,48.07692307692308,51.92307692307693,0.0,0.0,0.0,0.0,0.015282392501831055,0.0015523433685302734
29_Pima,XGBClassifier,2,50.0,50.72463768115942,49.275362318840585,0.0,0.0,0.0,0.0,0.015957355499267578,0.0015659332275390625
29_Pima,XGBClassifier,3,50.0,51.20772946859904,48.792270531400966,0.0,0.0,0.0,0.0,0.01564788818359375,0.0016007423400878906
29_Pima,XGBClassifier,4,50.0,52.65700483091788,47.34299516908212,0.0,0.0,0.0,0.0,0.01551508903503418,0.0015292167663574219
29_Pima,XGBClassifier,5,50.0,56.038647342995176,43.96135265700483,0.0,0.0,0.0,0.0,0.016846418380737305,0.0015304088592529297
30_satellite,XGBClassifier,1,50.0,49.14454277286136,50.85545722713864,0.0,0.0,0.0,0.0,0.023659944534301758,0.001986265182495117
30_satellite,XGBClassifier,2,50.0,49.527744982290436,50.472255017709564,0.0,0.0,0.0,0.0,0.0234682559967041,0.001950979232788086
30_satellite,XGBClassifier,3,50.0,47.93388429752066,52.066115702479344,0.0,0.0,0.0,0.0,0.024084806442260742,0.0020399093627929688
30_satellite,XGBClassifier,4,50.0,45.57260920897285,54.42739079102715,0.0,0.0,0.0,0.0,0.02325582504272461,0.001926422119140625
30_satellite,XGBClassifier,5,50.0,48.17001180637544,51.82998819362455,0.0,0.0,0.0,0.0,0.02342820167541504,0.0019373893737792969
31_satimage-2,XGBClassifier,1,50.0,2.723404255319149,97.27659574468085,0.0,0.0,0.0,0.0,0.025537967681884766,0.0019488334655761719
31_satimage-2,XGBClassifier,2,50.0,1.7872340425531916,98.2127659574468,0.0,0.0,0.0,0.0,0.026843547821044922,0.0018639564514160156
31_satimage-2,XGBClassifier,3,50.0,2.382978723404255,97.61702127659575,0.0,0.0,0.0,0.0,0.025687694549560547,0.0018985271453857422
31_satimage-2,XGBClassifier,4,50.0,2.382978723404255,97.61702127659575,0.0,0.0,0.0,0.0,0.053209781646728516,0.002105712890625
31_satimage-2,XGBClassifier,5,50.0,2.810902896081772,97.18909710391823,0.0,0.0,0.0,0.0,0.02659773826599121,0.0019164085388183594
32_shuttle,XGBClassifier,1,50.0,13.5,86.5,0.0,0.0,0.0,0.0,0.021724462509155273,0.002504587173461914
32_shuttle,XGBClassifier,2,50.0,13.25,86.75,0.0,0.0,0.0,0.0,0.02176952362060547,0.0019063949584960938
32_shuttle,XGBClassifier,3,50.0,13.700000000000001,86.3,0.0,0.0,0.0,0.0,0.02188277244567871,0.0019202232360839844
32_shuttle,XGBClassifier,4,50.0,13.25,86.75,0.0,0.0,0.0,0.0,0.021777868270874023,0.0018892288208007812
32_shuttle,XGBClassifier,5,50.0,14.099999999999998,85.9,0.0,0.0,0.0,0.0,0.021945476531982422,0.0022428035736083984
33_skin,XGBClassifier,1,50.0,34.849999999999994,65.14999999999999,0.0,0.0,0.0,0.0,0.019872188568115234,0.0018525123596191406
33_skin,XGBClassifier,2,50.0,34.5,65.5,0.0,0.0,0.0,0.0,0.021342754364013672,0.0018610954284667969
33_skin,XGBClassifier,3,50.0,35.449999999999996,64.55,0.0,0.0,0.0,0.0,0.020185232162475586,0.0018641948699951172
33_skin,XGBClassifier,4,50.0,33.050000000000004,66.95,0.0,0.0,0.0,0.0,0.020268917083740234,0.0018525123596191406
33_skin,XGBClassifier,5,50.0,33.75,66.25,0.0,0.0,0.0,0.0,0.020384550094604492,0.0018534660339355469
34_smtp,XGBClassifier,1,50.0,0.05,99.95,0.0,0.0,0.0,0.0,0.021863937377929688,0.0018570423126220703
34_smtp,XGBClassifier,2,50.0,0.05,99.95,0.0,0.0,0.0,0.0,0.021661996841430664,0.0018296241760253906
34_smtp,XGBClassifier,3,50.0,0.05,99.95,0.0,0.0,0.0,0.0,0.021623849868774414,0.0018491744995117188
34_smtp,XGBClassifier,4,,,100.0,0.0,0.0,0.0,0.0,0.021602392196655273,0.0018210411071777344
34_smtp,XGBClassifier,5,50.0,0.1,99.9,0.0,0.0,0.0,0.0,0.02160811424255371,0.0020635128021240234
35_SpamBase,XGBClassifier,1,50.0,57.130730050933785,42.869269949066215,0.0,0.0,0.0,0.0,0.026229143142700195,0.0019528865814208984
35_SpamBase,XGBClassifier,2,50.0,56.41461342395922,43.58538657604078,0.0,0.0,0.0,0.0,0.025881052017211914,0.0019659996032714844
35_SpamBase,XGBClassifier,3,50.0,56.41461342395922,43.58538657604078,0.0,0.0,0.0,0.0,0.025035858154296875,0.002274751663208008
35_SpamBase,XGBClassifier,4,50.0,56.49957519116398,43.50042480883602,0.0,0.0,0.0,0.0,0.025130271911621094,0.001967191696166992
35_SpamBase,XGBClassifier,5,50.0,58.79354290569244,41.20645709430757,0.0,0.0,0.0,0.0,0.024726390838623047,0.002206087112426758
36_speech,XGBClassifier,1,50.0,3.3333333333333335,96.66666666666667,0.0,0.0,0.0,0.0,0.17680025100708008,0.002821683883666992
36_speech,XGBClassifier,2,50.0,3.3333333333333335,96.66666666666667,0.0,0.0,0.0,0.0,0.17711257934570312,0.002314329147338867
36_speech,XGBClassifier,3,50.0,3.337783711615487,96.66221628838451,0.0,0.0,0.0,0.0,0.17026710510253906,0.002327442169189453
36_speech,XGBClassifier,4,50.0,2.67022696929239,97.32977303070761,0.0,0.0,0.0,0.0,0.17507338523864746,0.0022814273834228516
36_speech,XGBClassifier,5,50.0,3.6048064085447264,96.39519359145527,0.0,0.0,0.0,0.0,0.16755056381225586,0.002313375473022461
37_Stamps,XGBClassifier,1,50.0,17.333333333333336,82.66666666666667,0.0,0.0,0.0,0.0,0.014446258544921875,0.0014958381652832031
37_Stamps,XGBClassifier,2,50.0,18.91891891891892,81.08108108108108,0.0,0.0,0.0,0.0,0.013607025146484375,0.0014178752899169922
37_Stamps,XGBClassifier,3,50.0,18.91891891891892,81.08108108108108,0.0,0.0,0.0,0.0,0.014571428298950195,0.0015213489532470703
37_Stamps,XGBClassifier,4,50.0,18.91891891891892,81.08108108108108,0.0,0.0,0.0,0.0,0.013948202133178711,0.0015652179718017578
37_Stamps,XGBClassifier,5,50.0,9.45945945945946,90.54054054054053,0.0,0.0,0.0,0.0,0.013896703720092773,0.0014767646789550781
38_thyroid,XGBClassifier,1,50.0,5.17464424320828,94.82535575679172,0.0,0.0,0.0,0.0,0.017236709594726562,0.001703023910522461
38_thyroid,XGBClassifier,2,50.0,4.3984476067270375,95.60155239327295,0.0,0.0,0.0,0.0,0.018154382705688477,0.0017504692077636719
38_thyroid,XGBClassifier,3,50.0,3.8809831824062093,96.11901681759379,0.0,0.0,0.0,0.0,0.01883721351623535,0.0017170906066894531
38_thyroid,XGBClassifier,4,50.0,4.915912031047866,95.08408796895213,0.0,0.0,0.0,0.0,0.017371654510498047,0.0017209053039550781
38_thyroid,XGBClassifier,5,50.0,5.692108667529108,94.30789133247089,0.0,0.0,0.0,0.0,0.01777791976928711,0.0017199516296386719
39_vertebral,XGBClassifier,1,50.0,14.814814814814813,85.18518518518519,0.0,0.0,0.0,0.0,0.01423025131225586,0.0015037059783935547
39_vertebral,XGBClassifier,2,50.0,24.074074074074073,75.92592592592592,0.0,0.0,0.0,0.0,0.013277530670166016,0.001486063003540039
39_vertebral,XGBClassifier,3,50.0,24.074074074074073,75.92592592592592,0.0,0.0,0.0,0.0,0.013781547546386719,0.00148773193359375
39_vertebral,XGBClassifier,4,50.0,20.37037037037037,79.62962962962963,0.0,0.0,0.0,0.0,0.012850522994995117,0.0014758110046386719
39_vertebral,XGBClassifier,5,50.0,27.77777777777778,72.22222222222221,0.0,0.0,0.0,0.0,0.013645172119140625,0.0014996528625488281
40_vowels,XGBClassifier,1,50.0,6.622516556291391,93.37748344370861,0.0,0.0,0.0,0.0,0.01709437370300293,0.0016515254974365234
40_vowels,XGBClassifier,2,50.0,6.64451827242525,93.35548172757476,0.0,0.0,0.0,0.0,0.016441822052001953,0.0015828609466552734
40_vowels,XGBClassifier,3,50.0,7.641196013289036,92.35880398671097,0.0,0.0,0.0,0.0,0.016758441925048828,0.0016415119171142578
40_vowels,XGBClassifier,4,50.0,5.647840531561462,94.35215946843853,0.0,0.0,0.0,0.0,0.01594853401184082,0.0016436576843261719
40_vowels,XGBClassifier,5,50.0,6.64451827242525,93.35548172757476,0.0,0.0,0.0,0.0,0.01614093780517578,0.001590728759765625
41_Waveform,XGBClassifier,1,50.0,7.193229901269394,92.80677009873061,0.0,0.0,0.0,0.0,0.021730899810791016,0.0016689300537109375
41_Waveform,XGBClassifier,2,50.0,4.9365303244005645,95.06346967559944,0.0,0.0,0.0,0.0,0.022057294845581055,0.0016894340515136719
41_Waveform,XGBClassifier,3,50.0,5.218617771509168,94.78138222849083,0.0,0.0,0.0,0.0,0.02144765853881836,0.00168609619140625
41_Waveform,XGBClassifier,4,50.0,5.367231638418079,94.63276836158192,0.0,0.0,0.0,0.0,0.02161121368408203,0.0018105506896972656
41_Waveform,XGBClassifier,5,50.0,5.508474576271186,94.49152542372882,0.0,0.0,0.0,0.0,0.03281760215759277,0.0016927719116210938
42_WBC,XGBClassifier,1,50.0,8.51063829787234,91.48936170212765,0.0,0.0,0.0,0.0,0.013885498046875,0.001455068588256836
42_WBC,XGBClassifier,2,50.0,8.51063829787234,91.48936170212765,0.0,0.0,0.0,0.0,0.013083934783935547,0.0014922618865966797
42_WBC,XGBClassifier,3,50.0,14.893617021276595,85.1063829787234,0.0,0.0,0.0,0.0,0.013964176177978516,0.0015060901641845703
42_WBC,XGBClassifier,4,50.0,6.521739130434782,93.47826086956522,0.0,0.0,0.0,0.0,0.013094902038574219,0.0014963150024414062
42_WBC,XGBClassifier,5,50.0,4.3478260869565215,95.65217391304348,0.0,0.0,0.0,0.0,0.013573408126831055,0.0014286041259765625
43_WDBC,XGBClassifier,1,50.0,3.9473684210526314,96.05263157894737,0.0,0.0,0.0,0.0,0.016755342483520508,0.00151824951171875
43_WDBC,XGBClassifier,2,50.0,5.263157894736842,94.73684210526315,0.0,0.0,0.0,0.0,0.016872167587280273,0.0015206336975097656
43_WDBC,XGBClassifier,3,50.0,5.333333333333334,94.66666666666667,0.0,0.0,0.0,0.0,0.01643228530883789,0.0016252994537353516
43_WDBC,XGBClassifier,4,50.0,6.666666666666667,93.33333333333333,0.0,0.0,0.0,0.0,0.01645827293395996,0.0014905929565429688
43_WDBC,XGBClassifier,5,50.0,5.333333333333334,94.66666666666667,0.0,0.0,0.0,0.0,0.01710224151611328,0.0015363693237304688
44_Wilt,XGBClassifier,1,50.0,11.515748031496063,88.48425196850394,0.0,0.0,0.0,0.0,0.018125295639038086,0.0019230842590332031
44_Wilt,XGBClassifier,2,50.0,9.16256157635468,90.83743842364532,0.0,0.0,0.0,0.0,0.0180971622467041,0.0017948150634765625
44_Wilt,XGBClassifier,3,50.0,9.655172413793103,90.3448275862069,0.0,0.0,0.0,0.0,0.018465518951416016,0.0018227100372314453
44_Wilt,XGBClassifier,4,50.0,9.950738916256158,90.04926108374384,0.0,0.0,0.0,0.0,0.018442630767822266,0.0017697811126708984
44_Wilt,XGBClassifier,5,50.0,10.344827586206897,89.65517241379311,0.0,0.0,0.0,0.0,0.018296003341674805,0.0017330646514892578
45_wine,XGBClassifier,1,50.0,10.714285714285714,89.28571428571429,0.0,0.0,0.0,0.0,0.014347553253173828,0.0014450550079345703
45_wine,XGBClassifier,2,50.0,21.428571428571427,78.57142857142857,0.0,0.0,0.0,0.0,0.013259410858154297,0.0014460086822509766
45_wine,XGBClassifier,3,50.0,14.285714285714285,85.71428571428571,0.0,0.0,0.0,0.0,0.015231132507324219,0.0014150142669677734
45_wine,XGBClassifier,4,50.0,10.714285714285714,89.28571428571429,0.0,0.0,0.0,0.0,0.01601552963256836,0.0014684200286865234
45_wine,XGBClassifier,5,50.0,14.814814814814813,85.18518518518519,0.0,0.0,0.0,0.0,0.015039205551147461,0.0014336109161376953
46_WPBC,XGBClassifier,1,50.0,40.816326530612244,59.183673469387756,0.0,0.0,0.0,0.0,0.014467000961303711,0.0014705657958984375
46_WPBC,XGBClassifier,2,50.0,32.6530612244898,67.3469387755102,0.0,0.0,0.0,0.0,0.014998435974121094,0.0014939308166503906
46_WPBC,XGBClassifier,3,50.0,44.89795918367347,55.10204081632652,0.0,0.0,0.0,0.0,0.015222549438476562,0.0014946460723876953
46_WPBC,XGBClassifier,4,50.0,32.6530612244898,67.3469387755102,0.0,0.0,0.0,0.0,0.014333724975585938,0.0014579296112060547
46_WPBC,XGBClassifier,5,50.0,40.816326530612244,59.183673469387756,0.0,0.0,0.0,0.0,0.015367746353149414,0.0014984607696533203
47_yeast,XGBClassifier,1,50.0,53.383458646616546,46.616541353383454,0.0,0.0,0.0,0.0,0.015119075775146484,0.0016312599182128906
47_yeast,XGBClassifier,2,50.0,48.49246231155779,51.507537688442206,0.0,0.0,0.0,0.0,0.014653444290161133,0.0016093254089355469
47_yeast,XGBClassifier,3,50.0,52.76381909547738,47.23618090452261,0.0,0.0,0.0,0.0,0.013840436935424805,0.0015077590942382812
47_yeast,XGBClassifier,4,50.0,45.47738693467337,54.52261306532663,0.0,0.0,0.0,0.0,0.014790773391723633,0.0016410350799560547
47_yeast,XGBClassifier,5,50.0,54.52261306532663,45.47738693467337,0.0,0.0,0.0,0.0,0.014551639556884766,0.0015745162963867188
