Dataset,Model,KFold,AUCROC,AUCPR,Accuracy,MCC,F1 Score,Precision,Recall,Time Train,Time Test
1_ALOI,XGBClassifier,1,50.0,3.25,96.75,0.0,0.0,0.0,0.0,0.21921277046203613,0.0022585391998291016
1_ALOI,XGBClassifier,2,50.0,3.15,96.85000000000001,0.0,0.0,0.0,0.0,0.04121732711791992,0.0028443336486816406
1_ALOI,XGBClassifier,3,50.0,2.75,97.25,0.0,0.0,0.0,0.0,0.1726245880126953,0.011664628982543945
1_ALOI,XGBClassifier,4,50.0,3.0,97.0,0.0,0.0,0.0,0.0,0.21396350860595703,0.0035979747772216797
1_ALOI,XGBClassifier,5,50.0,2.9499999999999997,97.05,0.0,0.0,0.0,0.0,0.055939435958862305,0.002531290054321289
2_annthyroid,XGBClassifier,1,50.0,6.111111111111111,93.88888888888889,0.0,0.0,0.0,0.0,0.03108501434326172,0.0024487972259521484
2_annthyroid,XGBClassifier,2,50.0,7.708333333333334,92.29166666666667,0.0,0.0,0.0,0.0,0.03332686424255371,0.002298593521118164
2_annthyroid,XGBClassifier,3,50.0,7.361111111111112,92.63888888888889,0.0,0.0,0.0,0.0,0.036574602127075195,0.002209186553955078
2_annthyroid,XGBClassifier,4,50.0,7.777777777777778,92.22222222222223,0.0,0.0,0.0,0.0,0.029943466186523438,0.002218961715698242
2_annthyroid,XGBClassifier,5,50.0,8.125,91.875,0.0,0.0,0.0,0.0,0.043131113052368164,0.0042972564697265625
3_backdoor,XGBClassifier,1,50.0,2.7,97.3,0.0,0.0,0.0,0.0,0.08728241920471191,0.003045320510864258
3_backdoor,XGBClassifier,2,50.0,1.8499999999999999,98.15,0.0,0.0,0.0,0.0,0.08462762832641602,0.0030639171600341797
3_backdoor,XGBClassifier,3,50.0,2.9499999999999997,97.05,0.0,0.0,0.0,0.0,0.0918431282043457,0.0031061172485351562
3_backdoor,XGBClassifier,4,50.0,1.7500000000000002,98.25,0.0,0.0,0.0,0.0,0.09488391876220703,0.003099203109741211
3_backdoor,XGBClassifier,5,50.0,2.55,97.45,0.0,0.0,0.0,0.0,0.15192627906799316,0.003622293472290039
4_breastw,XGBClassifier,1,50.0,42.33576642335766,57.66423357664233,0.0,0.0,0.0,0.0,0.014627695083618164,0.0014803409576416016
4_breastw,XGBClassifier,2,50.0,30.656934306569344,69.34306569343066,0.0,0.0,0.0,0.0,0.014793157577514648,0.0014994144439697266
4_breastw,XGBClassifier,3,50.0,33.57664233576642,66.42335766423358,0.0,0.0,0.0,0.0,0.013142824172973633,0.0014650821685791016
4_breastw,XGBClassifier,4,50.0,30.88235294117647,69.11764705882352,0.0,0.0,0.0,0.0,0.013230323791503906,0.001462697982788086
4_breastw,XGBClassifier,5,50.0,37.5,62.5,0.0,0.0,0.0,0.0,0.012771844863891602,0.0014164447784423828
5_campaign,XGBClassifier,1,50.0,11.1,88.9,0.0,0.0,0.0,0.0,0.03325510025024414,0.0021829605102539062
5_campaign,XGBClassifier,2,50.0,12.049999999999999,87.94999999999999,0.0,0.0,0.0,0.0,0.033083200454711914,0.0021860599517822266
5_campaign,XGBClassifier,3,50.0,10.25,89.75,0.0,0.0,0.0,0.0,0.034631967544555664,0.0022068023681640625
5_campaign,XGBClassifier,4,50.0,11.15,88.85,0.0,0.0,0.0,0.0,0.034003257751464844,0.002210855484008789
5_campaign,XGBClassifier,5,50.0,10.6,89.4,0.0,0.0,0.0,0.0,0.03541922569274902,0.002199888229370117
6_cardio,XGBClassifier,1,50.0,10.899182561307901,89.10081743869209,0.0,0.0,0.0,0.0,0.017845869064331055,0.0015873908996582031
6_cardio,XGBClassifier,2,50.0,9.289617486338798,90.7103825136612,0.0,0.0,0.0,0.0,0.017756223678588867,0.0016362667083740234
6_cardio,XGBClassifier,3,50.0,8.19672131147541,91.80327868852459,0.0,0.0,0.0,0.0,0.017324209213256836,0.0015990734100341797
6_cardio,XGBClassifier,4,50.0,9.01639344262295,90.98360655737704,0.0,0.0,0.0,0.0,0.018132925033569336,0.0016016960144042969
6_cardio,XGBClassifier,5,50.0,10.655737704918032,89.34426229508196,0.0,0.0,0.0,0.0,0.017399072647094727,0.0015804767608642578
7_Cardiotocography,XGBClassifier,1,50.0,20.094562647754138,79.90543735224587,0.0,0.0,0.0,0.0,0.017151832580566406,0.0017056465148925781
7_Cardiotocography,XGBClassifier,2,50.0,22.458628841607563,77.54137115839244,0.0,0.0,0.0,0.0,0.0170743465423584,0.0015759468078613281
7_Cardiotocography,XGBClassifier,3,50.0,24.113475177304963,75.88652482269504,0.0,0.0,0.0,0.0,0.0164182186126709,0.0016107559204101562
7_Cardiotocography,XGBClassifier,4,50.0,21.513002364066196,78.4869976359338,0.0,0.0,0.0,0.0,0.016653060913085938,0.0015761852264404297
7_Cardiotocography,XGBClassifier,5,50.0,22.03791469194313,77.96208530805687,0.0,0.0,0.0,0.0,0.016920804977416992,0.001596212387084961
8_celeba,XGBClassifier,1,50.0,2.4,97.6,0.0,0.0,0.0,0.0,0.028651714324951172,0.0020453929901123047
8_celeba,XGBClassifier,2,50.0,2.0500000000000003,97.95,0.0,0.0,0.0,0.0,0.04776477813720703,0.002040386199951172
8_celeba,XGBClassifier,3,50.0,1.5,98.5,0.0,0.0,0.0,0.0,0.028425216674804688,0.0020830631256103516
8_celeba,XGBClassifier,4,50.0,2.5,97.5,0.0,0.0,0.0,0.0,0.02941298484802246,0.002067089080810547
8_celeba,XGBClassifier,5,50.0,2.7,97.3,0.0,0.0,0.0,0.0,0.028512001037597656,0.0019822120666503906
9_census,XGBClassifier,1,50.0,5.25,94.75,0.0,0.0,0.0,0.0,0.19440150260925293,0.005039691925048828
9_census,XGBClassifier,2,50.0,7.1,92.9,0.0,0.0,0.0,0.0,0.17801976203918457,0.005637645721435547
9_census,XGBClassifier,3,50.0,6.45,93.55,0.0,0.0,0.0,0.0,0.17874765396118164,0.006422519683837891
9_census,XGBClassifier,4,50.0,5.65,94.35,0.0,0.0,0.0,0.0,0.17597460746765137,0.004849910736083984
9_census,XGBClassifier,5,50.0,6.35,93.65,0.0,0.0,0.0,0.0,0.1738142967224121,0.0049860477447509766
10_cover,XGBClassifier,1,50.0,1.3,98.7,0.0,0.0,0.0,0.0,0.026046037673950195,0.0021431446075439453
10_cover,XGBClassifier,2,50.0,0.5499999999999999,99.45,0.0,0.0,0.0,0.0,0.024494409561157227,0.0019328594207763672
10_cover,XGBClassifier,3,50.0,1.7500000000000002,98.25,0.0,0.0,0.0,0.0,0.028966665267944336,0.002099752426147461
10_cover,XGBClassifier,4,50.0,1.0,99.0,0.0,0.0,0.0,0.0,0.02741551399230957,0.0020818710327148438
10_cover,XGBClassifier,5,50.0,0.95,99.05000000000001,0.0,0.0,0.0,0.0,0.025193214416503906,0.0020253658294677734
11_donors,XGBClassifier,1,50.0,4.95,95.05,0.0,0.0,0.0,0.0,0.024837493896484375,0.001962900161743164
11_donors,XGBClassifier,2,50.0,5.8500000000000005,94.15,0.0,0.0,0.0,0.0,0.025148630142211914,0.0019240379333496094
11_donors,XGBClassifier,3,50.0,5.2,94.8,0.0,0.0,0.0,0.0,0.021945714950561523,0.00201416015625
11_donors,XGBClassifier,4,50.0,5.6000000000000005,94.39999999999999,0.0,0.0,0.0,0.0,0.021302461624145508,0.0018260478973388672
11_donors,XGBClassifier,5,50.0,5.45,94.55,0.0,0.0,0.0,0.0,0.02078390121459961,0.001811981201171875
12_fault,XGBClassifier,1,50.0,36.760925449871465,63.239074550128535,0.0,0.0,0.0,0.0,0.019888877868652344,0.0015912055969238281
12_fault,XGBClassifier,2,50.0,36.597938144329895,63.4020618556701,0.0,0.0,0.0,0.0,0.0183718204498291,0.0015783309936523438
12_fault,XGBClassifier,3,50.0,30.412371134020617,69.58762886597938,0.0,0.0,0.0,0.0,0.018282413482666016,0.0015549659729003906
12_fault,XGBClassifier,4,50.0,31.185567010309278,68.81443298969072,0.0,0.0,0.0,0.0,0.017827272415161133,0.0015728473663330078
12_fault,XGBClassifier,5,50.0,38.402061855670105,61.5979381443299,0.0,0.0,0.0,0.0,0.017502546310424805,0.0015611648559570312
13_fraud,XGBClassifier,1,50.0,0.3,99.7,0.0,0.0,0.0,0.0,0.03793787956237793,0.0019638538360595703
13_fraud,XGBClassifier,2,50.0,0.1,99.9,0.0,0.0,0.0,0.0,0.0361638069152832,0.0019321441650390625
13_fraud,XGBClassifier,3,50.0,0.15,99.85000000000001,0.0,0.0,0.0,0.0,0.03583955764770508,0.0018804073333740234
13_fraud,XGBClassifier,4,50.0,0.1,99.9,0.0,0.0,0.0,0.0,0.03606271743774414,0.0019419193267822266
13_fraud,XGBClassifier,5,50.0,0.15,99.85000000000001,0.0,0.0,0.0,0.0,0.03572893142700195,0.0019106864929199219
14_glass,XGBClassifier,1,50.0,2.3255813953488373,97.67441860465115,0.0,0.0,0.0,0.0,0.014069080352783203,0.001436471939086914
14_glass,XGBClassifier,2,,,100.0,0.0,0.0,0.0,0.0,0.012889623641967773,0.0013773441314697266
14_glass,XGBClassifier,3,50.0,6.976744186046512,93.02325581395348,0.0,0.0,0.0,0.0,0.012629032135009766,0.001384735107421875
14_glass,XGBClassifier,4,50.0,6.976744186046512,93.02325581395348,0.0,0.0,0.0,0.0,0.012737274169921875,0.0013570785522460938
14_glass,XGBClassifier,5,50.0,4.761904761904762,95.23809523809523,0.0,0.0,0.0,0.0,0.012993574142456055,0.0013744831085205078
15_Hepatitis,XGBClassifier,1,50.0,12.5,87.5,0.0,0.0,0.0,0.0,0.01291513442993164,0.0013303756713867188
15_Hepatitis,XGBClassifier,2,50.0,25.0,75.0,0.0,0.0,0.0,0.0,0.01233983039855957,0.0012583732604980469
15_Hepatitis,XGBClassifier,3,50.0,12.5,87.5,0.0,0.0,0.0,0.0,0.012792587280273438,0.001329660415649414
15_Hepatitis,XGBClassifier,4,50.0,6.25,93.75,0.0,0.0,0.0,0.0,0.013016223907470703,0.0013377666473388672
15_Hepatitis,XGBClassifier,5,50.0,25.0,75.0,0.0,0.0,0.0,0.0,0.012540817260742188,0.0013172626495361328
16_http,XGBClassifier,1,50.0,0.8500000000000001,99.15,0.0,0.0,0.0,0.0,0.020697355270385742,0.0017974376678466797
16_http,XGBClassifier,2,50.0,0.4,99.6,0.0,0.0,0.0,0.0,0.023861169815063477,0.0018758773803710938
16_http,XGBClassifier,3,50.0,0.65,99.35000000000001,0.0,0.0,0.0,0.0,0.02039027214050293,0.0017895698547363281
16_http,XGBClassifier,4,50.0,0.65,99.35000000000001,0.0,0.0,0.0,0.0,0.022142648696899414,0.0018274784088134766
16_http,XGBClassifier,5,50.0,0.15,99.85000000000001,0.0,0.0,0.0,0.0,0.020586013793945312,0.0017843246459960938
17_InternetAds,XGBClassifier,1,50.0,20.304568527918782,79.69543147208121,0.0,0.0,0.0,0.0,0.187208890914917,0.005500078201293945
17_InternetAds,XGBClassifier,2,50.0,18.575063613231553,81.42493638676844,0.0,0.0,0.0,0.0,0.19147348403930664,0.005555868148803711
17_InternetAds,XGBClassifier,3,50.0,23.66412213740458,76.33587786259542,0.0,0.0,0.0,0.0,0.18878960609436035,0.005574464797973633
17_InternetAds,XGBClassifier,4,50.0,15.012722646310433,84.98727735368958,0.0,0.0,0.0,0.0,0.17996740341186523,0.0056111812591552734
17_InternetAds,XGBClassifier,5,50.0,16.030534351145036,83.96946564885496,0.0,0.0,0.0,0.0,0.17602896690368652,0.005746364593505859
18_Ionosphere,XGBClassifier,1,50.0,39.436619718309856,60.56338028169014,0.0,0.0,0.0,0.0,0.014768600463867188,0.0015056133270263672
18_Ionosphere,XGBClassifier,2,50.0,35.714285714285715,64.28571428571429,0.0,0.0,0.0,0.0,0.016193866729736328,0.0015106201171875
18_Ionosphere,XGBClassifier,3,50.0,30.0,70.0,0.0,0.0,0.0,0.0,0.014640331268310547,0.0014612674713134766
18_Ionosphere,XGBClassifier,4,50.0,42.857142857142854,57.14285714285714,0.0,0.0,0.0,0.0,0.01492619514465332,0.0014801025390625
18_Ionosphere,XGBClassifier,5,50.0,31.428571428571427,68.57142857142857,0.0,0.0,0.0,0.0,0.014793634414672852,0.0014586448669433594
19_landsat,XGBClassifier,1,50.0,20.9013209013209,79.0986790986791,0.0,0.0,0.0,0.0,0.023932695388793945,0.0018110275268554688
19_landsat,XGBClassifier,2,50.0,21.52292152292152,78.47707847707848,0.0,0.0,0.0,0.0,0.024036407470703125,0.0017743110656738281
19_landsat,XGBClassifier,3,50.0,20.435120435120435,79.56487956487956,0.0,0.0,0.0,0.0,0.023854732513427734,0.001760244369506836
19_landsat,XGBClassifier,4,50.0,18.725718725718725,81.27428127428128,0.0,0.0,0.0,0.0,0.02376246452331543,0.0018205642700195312
19_landsat,XGBClassifier,5,50.0,21.98912198912199,78.01087801087802,0.0,0.0,0.0,0.0,0.02426457405090332,0.0018012523651123047
20_letter,XGBClassifier,1,50.0,5.3125,94.6875,0.0,0.0,0.0,0.0,0.016403675079345703,0.0015115737915039062
20_letter,XGBClassifier,2,50.0,8.125,91.875,0.0,0.0,0.0,0.0,0.016324996948242188,0.0015025138854980469
20_letter,XGBClassifier,3,50.0,4.0625,95.9375,0.0,0.0,0.0,0.0,0.016355037689208984,0.0015006065368652344
20_letter,XGBClassifier,4,50.0,6.875000000000001,93.125,0.0,0.0,0.0,0.0,0.016300439834594727,0.0015163421630859375
20_letter,XGBClassifier,5,50.0,6.875000000000001,93.125,0.0,0.0,0.0,0.0,0.01628875732421875,0.0015184879302978516
21_Lymphography,XGBClassifier,1,,,100.0,0.0,0.0,0.0,0.0,0.01296854019165039,0.001367807388305664
21_Lymphography,XGBClassifier,2,50.0,3.3333333333333335,96.66666666666667,0.0,0.0,0.0,0.0,0.012593746185302734,0.0013320446014404297
21_Lymphography,XGBClassifier,3,50.0,6.666666666666667,93.33333333333333,0.0,0.0,0.0,0.0,0.012722253799438477,0.0013413429260253906
21_Lymphography,XGBClassifier,4,50.0,3.4482758620689653,96.55172413793103,0.0,0.0,0.0,0.0,0.012659788131713867,0.0013480186462402344
21_Lymphography,XGBClassifier,5,50.0,6.896551724137931,93.10344827586206,0.0,0.0,0.0,0.0,0.012675285339355469,0.001331329345703125
22_magic.gamma,XGBClassifier,1,50.0,35.949999999999996,64.05,0.0,0.0,0.0,0.0,0.021270275115966797,0.001993894577026367
22_magic.gamma,XGBClassifier,2,50.0,34.849999999999994,65.14999999999999,0.0,0.0,0.0,0.0,0.020955562591552734,0.0018243789672851562
22_magic.gamma,XGBClassifier,3,50.0,33.900000000000006,66.10000000000001,0.0,0.0,0.0,0.0,0.0212094783782959,0.0018062591552734375
22_magic.gamma,XGBClassifier,4,50.0,35.199999999999996,64.8,0.0,0.0,0.0,0.0,0.021448850631713867,0.0017995834350585938
22_magic.gamma,XGBClassifier,5,50.0,35.5,64.5,0.0,0.0,0.0,0.0,0.02106928825378418,0.0018544197082519531
23_mammography,XGBClassifier,1,50.0,2.1999999999999997,97.8,0.0,0.0,0.0,0.0,0.022510766983032227,0.0018122196197509766
23_mammography,XGBClassifier,2,50.0,2.75,97.25,0.0,0.0,0.0,0.0,0.021909475326538086,0.0019142627716064453
23_mammography,XGBClassifier,3,50.0,1.7999999999999998,98.2,0.0,0.0,0.0,0.0,0.022082090377807617,0.0018205642700195312
23_mammography,XGBClassifier,4,50.0,2.25,97.75,0.0,0.0,0.0,0.0,0.022125959396362305,0.0017750263214111328
23_mammography,XGBClassifier,5,50.0,2.3,97.7,0.0,0.0,0.0,0.0,0.05411219596862793,0.0018672943115234375
24_mnist,XGBClassifier,1,50.0,8.80999342537804,91.19000657462196,0.0,0.0,0.0,0.0,0.046114206314086914,0.0021238327026367188
24_mnist,XGBClassifier,2,50.0,8.875739644970414,91.12426035502959,0.0,0.0,0.0,0.0,0.046422481536865234,0.002088785171508789
24_mnist,XGBClassifier,3,50.0,9.270216962524655,90.72978303747534,0.0,0.0,0.0,0.0,0.046140193939208984,0.0020627975463867188
24_mnist,XGBClassifier,4,50.0,10.0,90.0,0.0,0.0,0.0,0.0,0.04567074775695801,0.002031087875366211
24_mnist,XGBClassifier,5,50.0,9.078947368421053,90.92105263157895,0.0,0.0,0.0,0.0,0.04543137550354004,0.0020508766174316406
25_musk,XGBClassifier,1,50.0,3.4257748776508974,96.5742251223491,0.0,0.0,0.0,0.0,0.05719494819641113,0.0019009113311767578
25_musk,XGBClassifier,2,50.0,2.1207177814029365,97.87928221859707,0.0,0.0,0.0,0.0,0.0599977970123291,0.0019240379333496094
25_musk,XGBClassifier,3,50.0,2.6143790849673203,97.38562091503267,0.0,0.0,0.0,0.0,0.05782270431518555,0.001920938491821289
25_musk,XGBClassifier,4,50.0,4.901960784313726,95.09803921568627,0.0,0.0,0.0,0.0,0.06137514114379883,0.0018856525421142578
25_musk,XGBClassifier,5,50.0,2.7777777777777777,97.22222222222221,0.0,0.0,0.0,0.0,0.05940389633178711,0.0018763542175292969
26_optdigits,XGBClassifier,1,50.0,3.3524904214559386,96.64750957854406,0.0,0.0,0.0,0.0,0.028657197952270508,0.0019276142120361328
26_optdigits,XGBClassifier,2,50.0,2.4928092042186005,97.5071907957814,0.0,0.0,0.0,0.0,0.02819371223449707,0.0020439624786376953
26_optdigits,XGBClassifier,3,50.0,3.1639501438159154,96.83604985618408,0.0,0.0,0.0,0.0,0.02780914306640625,0.0019335746765136719
26_optdigits,XGBClassifier,4,50.0,2.684563758389262,97.31543624161074,0.0,0.0,0.0,0.0,0.028074264526367188,0.0019392967224121094
26_optdigits,XGBClassifier,5,50.0,2.684563758389262,97.31543624161074,0.0,0.0,0.0,0.0,0.02817058563232422,0.0019156932830810547
27_PageBlocks,XGBClassifier,1,50.0,9.916589434661724,90.08341056533827,0.0,0.0,0.0,0.0,0.020080089569091797,0.0017168521881103516
27_PageBlocks,XGBClassifier,2,50.0,9.731232622798888,90.26876737720112,0.0,0.0,0.0,0.0,0.019984960556030273,0.0018346309661865234
27_PageBlocks,XGBClassifier,3,50.0,8.989805375347544,91.01019462465246,0.0,0.0,0.0,0.0,0.018726348876953125,0.0016870498657226562
27_PageBlocks,XGBClassifier,4,50.0,10.111317254174397,89.8886827458256,0.0,0.0,0.0,0.0,0.020055770874023438,0.0017313957214355469
27_PageBlocks,XGBClassifier,5,50.0,8.534322820037106,91.4656771799629,0.0,0.0,0.0,0.0,0.0187532901763916,0.0016896724700927734
28_pendigits,XGBClassifier,1,50.0,2.6200873362445414,97.37991266375546,0.0,0.0,0.0,0.0,0.023996353149414062,0.0017266273498535156
28_pendigits,XGBClassifier,2,50.0,2.4017467248908297,97.59825327510917,0.0,0.0,0.0,0.0,0.02371668815612793,0.0017781257629394531
28_pendigits,XGBClassifier,3,50.0,1.8922852983988356,98.10771470160117,0.0,0.0,0.0,0.0,0.02383708953857422,0.001752614974975586
28_pendigits,XGBClassifier,4,50.0,2.1106259097525473,97.88937409024744,0.0,0.0,0.0,0.0,0.023767948150634766,0.0017154216766357422
28_pendigits,XGBClassifier,5,50.0,2.3289665211062593,97.67103347889375,0.0,0.0,0.0,0.0,0.02396678924560547,0.001729726791381836
29_Pima,XGBClassifier,1,50.0,35.714285714285715,64.28571428571429,0.0,0.0,0.0,0.0,0.014859437942504883,0.0014622211456298828
29_Pima,XGBClassifier,2,50.0,30.519480519480517,69.48051948051948,0.0,0.0,0.0,0.0,0.01462554931640625,0.0014617443084716797
29_Pima,XGBClassifier,3,50.0,39.61038961038961,60.3896103896104,0.0,0.0,0.0,0.0,0.014873981475830078,0.0014510154724121094
29_Pima,XGBClassifier,4,50.0,30.718954248366014,69.28104575163398,0.0,0.0,0.0,0.0,0.0145721435546875,0.0014619827270507812
29_Pima,XGBClassifier,5,50.0,37.908496732026144,62.091503267973856,0.0,0.0,0.0,0.0,0.014386415481567383,0.0014247894287109375
30_satellite,XGBClassifier,1,50.0,31.546231546231546,68.45376845376845,0.0,0.0,0.0,0.0,0.022834300994873047,0.001886606216430664
30_satellite,XGBClassifier,2,50.0,30.225330225330225,69.77466977466977,0.0,0.0,0.0,0.0,0.022599458694458008,0.0017309188842773438
30_satellite,XGBClassifier,3,50.0,31.46853146853147,68.53146853146853,0.0,0.0,0.0,0.0,0.022477149963378906,0.0017681121826171875
30_satellite,XGBClassifier,4,50.0,31.934731934731936,68.06526806526807,0.0,0.0,0.0,0.0,0.022884845733642578,0.001791238784790039
30_satellite,XGBClassifier,5,50.0,33.022533022533025,66.97746697746697,0.0,0.0,0.0,0.0,0.022845983505249023,0.00174713134765625
31_satimage-2,XGBClassifier,1,50.0,1.2058570198105083,98.79414298018949,0.0,0.0,0.0,0.0,0.025326013565063477,0.0017688274383544922
31_satimage-2,XGBClassifier,2,50.0,1.119724375538329,98.88027562446166,0.0,0.0,0.0,0.0,0.025379180908203125,0.0017938613891601562
31_satimage-2,XGBClassifier,3,50.0,0.9474590869939706,99.05254091300603,0.0,0.0,0.0,0.0,0.02503037452697754,0.0017745494842529297
31_satimage-2,XGBClassifier,4,50.0,1.4655172413793103,98.53448275862068,0.0,0.0,0.0,0.0,0.025130510330200195,0.0017633438110351562
31_satimage-2,XGBClassifier,5,50.0,1.3793103448275863,98.62068965517241,0.0,0.0,0.0,0.0,0.02471613883972168,0.0017707347869873047
32_shuttle,XGBClassifier,1,50.0,7.85,92.15,0.0,0.0,0.0,0.0,0.021295547485351562,0.001817464828491211
32_shuttle,XGBClassifier,2,50.0,6.950000000000001,93.05,0.0,0.0,0.0,0.0,0.021274805068969727,0.0018208026885986328
32_shuttle,XGBClassifier,3,50.0,7.5,92.5,0.0,0.0,0.0,0.0,0.02117919921875,0.0018229484558105469
32_shuttle,XGBClassifier,4,50.0,6.8500000000000005,93.15,0.0,0.0,0.0,0.0,0.02114582061767578,0.0018157958984375
32_shuttle,XGBClassifier,5,50.0,7.6499999999999995,92.35,0.0,0.0,0.0,0.0,0.02225017547607422,0.001941680908203125
33_skin,XGBClassifier,1,50.0,21.6,78.4,0.0,0.0,0.0,0.0,0.020112037658691406,0.0017871856689453125
33_skin,XGBClassifier,2,50.0,21.9,78.10000000000001,0.0,0.0,0.0,0.0,0.020159244537353516,0.0017745494842529297
33_skin,XGBClassifier,3,50.0,21.65,78.35,0.0,0.0,0.0,0.0,0.019908666610717773,0.0017712116241455078
33_skin,XGBClassifier,4,50.0,20.45,79.55,0.0,0.0,0.0,0.0,0.019832849502563477,0.001779317855834961
33_skin,XGBClassifier,5,50.0,20.599999999999998,79.4,0.0,0.0,0.0,0.0,0.020082473754882812,0.0017888545989990234
34_smtp,XGBClassifier,1,50.0,0.05,99.95,0.0,0.0,0.0,0.0,0.02077507972717285,0.001985311508178711
34_smtp,XGBClassifier,2,,,100.0,0.0,0.0,0.0,0.0,0.020386219024658203,0.0017685890197753906
34_smtp,XGBClassifier,3,,,100.0,0.0,0.0,0.0,0.0,0.02051091194152832,0.0017883777618408203
34_smtp,XGBClassifier,4,,,100.0,0.0,0.0,0.0,0.0,0.020264148712158203,0.0020444393157958984
34_smtp,XGBClassifier,5,50.0,0.05,99.95,0.0,0.0,0.0,0.0,0.02047872543334961,0.0018401145935058594
35_SpamBase,XGBClassifier,1,50.0,43.23040380047506,56.76959619952494,0.0,0.0,0.0,0.0,0.02456498146057129,0.0018808841705322266
35_SpamBase,XGBClassifier,2,50.0,39.19239904988123,60.80760095011877,0.0,0.0,0.0,0.0,0.055397748947143555,0.0018985271453857422
35_SpamBase,XGBClassifier,3,50.0,37.93103448275862,62.06896551724138,0.0,0.0,0.0,0.0,0.023695707321166992,0.0018832683563232422
35_SpamBase,XGBClassifier,4,50.0,39.35790725326992,60.64209274673008,0.0,0.0,0.0,0.0,0.0247194766998291,0.001909017562866211
35_SpamBase,XGBClassifier,5,50.0,39.833531510107015,60.166468489892985,0.0,0.0,0.0,0.0,0.02549886703491211,0.001999378204345703
36_speech,XGBClassifier,1,50.0,2.168021680216802,97.8319783197832,0.0,0.0,0.0,0.0,0.1842339038848877,0.002451181411743164
36_speech,XGBClassifier,2,50.0,1.2211668928086838,98.7788331071913,0.0,0.0,0.0,0.0,0.18329715728759766,0.0023925304412841797
36_speech,XGBClassifier,3,50.0,1.3568521031207599,98.64314789687924,0.0,0.0,0.0,0.0,0.1812419891357422,0.002386808395385742
36_speech,XGBClassifier,4,50.0,1.8995929443690638,98.10040705563094,0.0,0.0,0.0,0.0,0.18135881423950195,0.0024056434631347656
36_speech,XGBClassifier,5,50.0,1.6282225237449117,98.37177747625509,0.0,0.0,0.0,0.0,0.17855572700500488,0.0024023056030273438
37_Stamps,XGBClassifier,1,50.0,7.352941176470589,92.64705882352942,0.0,0.0,0.0,0.0,0.013452291488647461,0.00138092041015625
37_Stamps,XGBClassifier,2,50.0,14.705882352941178,85.29411764705883,0.0,0.0,0.0,0.0,0.013472557067871094,0.0014197826385498047
37_Stamps,XGBClassifier,3,50.0,4.411764705882353,95.58823529411765,0.0,0.0,0.0,0.0,0.013515949249267578,0.0014295578002929688
37_Stamps,XGBClassifier,4,50.0,13.23529411764706,86.76470588235294,0.0,0.0,0.0,0.0,0.013257741928100586,0.0014019012451171875
37_Stamps,XGBClassifier,5,50.0,5.88235294117647,94.11764705882352,0.0,0.0,0.0,0.0,0.013406753540039062,0.0013949871063232422
38_thyroid,XGBClassifier,1,50.0,2.5165562913907285,97.48344370860927,0.0,0.0,0.0,0.0,0.016284465789794922,0.0015749931335449219
38_thyroid,XGBClassifier,2,50.0,2.6490066225165565,97.35099337748345,0.0,0.0,0.0,0.0,0.01720571517944336,0.0016121864318847656
38_thyroid,XGBClassifier,3,50.0,2.3872679045092835,97.61273209549071,0.0,0.0,0.0,0.0,0.016066551208496094,0.0016033649444580078
38_thyroid,XGBClassifier,4,50.0,2.122015915119363,97.87798408488064,0.0,0.0,0.0,0.0,0.01629781723022461,0.0015540122985839844
38_thyroid,XGBClassifier,5,50.0,2.6525198938992043,97.34748010610079,0.0,0.0,0.0,0.0,0.016179800033569336,0.0015392303466796875
39_vertebral,XGBClassifier,1,50.0,14.583333333333334,85.41666666666666,0.0,0.0,0.0,0.0,0.012780904769897461,0.0013647079467773438
39_vertebral,XGBClassifier,2,50.0,8.333333333333332,91.66666666666666,0.0,0.0,0.0,0.0,0.012691497802734375,0.0013616085052490234
39_vertebral,XGBClassifier,3,50.0,10.416666666666668,89.58333333333334,0.0,0.0,0.0,0.0,0.012920141220092773,0.0013880729675292969
39_vertebral,XGBClassifier,4,50.0,14.583333333333334,85.41666666666666,0.0,0.0,0.0,0.0,0.012643098831176758,0.001378774642944336
39_vertebral,XGBClassifier,5,50.0,14.583333333333334,85.41666666666666,0.0,0.0,0.0,0.0,0.012611150741577148,0.0013608932495117188
40_vowels,XGBClassifier,1,50.0,3.767123287671233,96.23287671232876,0.0,0.0,0.0,0.0,0.015451431274414062,0.0014564990997314453
40_vowels,XGBClassifier,2,50.0,3.7800687285223367,96.21993127147766,0.0,0.0,0.0,0.0,0.01562952995300293,0.0014946460723876953
40_vowels,XGBClassifier,3,50.0,3.0927835051546393,96.90721649484536,0.0,0.0,0.0,0.0,0.015737533569335938,0.001501321792602539
40_vowels,XGBClassifier,4,50.0,3.0927835051546393,96.90721649484536,0.0,0.0,0.0,0.0,0.01589226722717285,0.0014922618865966797
40_vowels,XGBClassifier,5,50.0,3.436426116838488,96.56357388316151,0.0,0.0,0.0,0.0,0.015592813491821289,0.0015034675598144531
41_Waveform,XGBClassifier,1,50.0,3.3381712626995643,96.66182873730044,0.0,0.0,0.0,0.0,0.020919322967529297,0.0017011165618896484
41_Waveform,XGBClassifier,2,50.0,2.1770682148040637,97.82293178519593,0.0,0.0,0.0,0.0,0.021015644073486328,0.0016100406646728516
41_Waveform,XGBClassifier,3,50.0,2.7576197387518144,97.24238026124819,0.0,0.0,0.0,0.0,0.020767688751220703,0.0017921924591064453
41_Waveform,XGBClassifier,4,50.0,3.6337209302325584,96.36627906976744,0.0,0.0,0.0,0.0,0.02108454704284668,0.0015995502471923828
41_Waveform,XGBClassifier,5,50.0,2.616279069767442,97.38372093023256,0.0,0.0,0.0,0.0,0.02041482925415039,0.001584768295288086
42_WBC,XGBClassifier,1,50.0,2.2222222222222223,97.77777777777777,0.0,0.0,0.0,0.0,0.012856245040893555,0.0013859272003173828
42_WBC,XGBClassifier,2,50.0,2.2222222222222223,97.77777777777777,0.0,0.0,0.0,0.0,0.01258397102355957,0.0013606548309326172
42_WBC,XGBClassifier,3,50.0,8.88888888888889,91.11111111111111,0.0,0.0,0.0,0.0,0.012466907501220703,0.0013763904571533203
42_WBC,XGBClassifier,4,50.0,6.8181818181818175,93.18181818181817,0.0,0.0,0.0,0.0,0.012883901596069336,0.0013957023620605469
42_WBC,XGBClassifier,5,50.0,2.272727272727273,97.72727272727273,0.0,0.0,0.0,0.0,0.012603759765625,0.001378774642944336
43_WDBC,XGBClassifier,1,50.0,5.405405405405405,94.5945945945946,0.0,0.0,0.0,0.0,0.01595282554626465,0.0014691352844238281
43_WDBC,XGBClassifier,2,50.0,2.7027027027027026,97.2972972972973,0.0,0.0,0.0,0.0,0.015923500061035156,0.0014529228210449219
43_WDBC,XGBClassifier,3,50.0,1.36986301369863,98.63013698630137,0.0,0.0,0.0,0.0,0.01583242416381836,0.0014662742614746094
43_WDBC,XGBClassifier,4,50.0,2.73972602739726,97.26027397260275,0.0,0.0,0.0,0.0,0.01601886749267578,0.0014369487762451172
43_WDBC,XGBClassifier,5,50.0,1.36986301369863,98.63013698630137,0.0,0.0,0.0,0.0,0.01563096046447754,0.0014538764953613281
44_Wilt,XGBClassifier,1,50.0,6.224066390041494,93.7759336099585,0.0,0.0,0.0,0.0,0.017618179321289062,0.0016162395477294922
44_Wilt,XGBClassifier,2,50.0,4.356846473029045,95.64315352697096,0.0,0.0,0.0,0.0,0.017544984817504883,0.00162506103515625
44_Wilt,XGBClassifier,3,50.0,4.668049792531121,95.33195020746888,0.0,0.0,0.0,0.0,0.017581701278686523,0.0016336441040039062
44_Wilt,XGBClassifier,4,50.0,6.846473029045644,93.15352697095436,0.0,0.0,0.0,0.0,0.017534494400024414,0.0016362667083740234
44_Wilt,XGBClassifier,5,50.0,4.569055036344756,95.43094496365524,0.0,0.0,0.0,0.0,0.017761707305908203,0.001669168472290039
45_wine,XGBClassifier,1,50.0,3.8461538461538463,96.15384615384616,0.0,0.0,0.0,0.0,0.014068365097045898,0.0013315677642822266
45_wine,XGBClassifier,2,50.0,7.6923076923076925,92.3076923076923,0.0,0.0,0.0,0.0,0.014137029647827148,0.0013768672943115234
45_wine,XGBClassifier,3,50.0,15.384615384615385,84.61538461538461,0.0,0.0,0.0,0.0,0.012803077697753906,0.0013365745544433594
45_wine,XGBClassifier,4,50.0,3.8461538461538463,96.15384615384616,0.0,0.0,0.0,0.0,0.013817071914672852,0.0013434886932373047
45_wine,XGBClassifier,5,50.0,8.0,92.0,0.0,0.0,0.0,0.0,0.01468515396118164,0.0013272762298583984
46_WPBC,XGBClassifier,1,50.0,20.0,80.0,0.0,0.0,0.0,0.0,0.013745784759521484,0.001333475112915039
46_WPBC,XGBClassifier,2,50.0,20.0,80.0,0.0,0.0,0.0,0.0,0.014018774032592773,0.001377105712890625
46_WPBC,XGBClassifier,3,50.0,27.500000000000004,72.5,0.0,0.0,0.0,0.0,0.014066934585571289,0.0013713836669921875
46_WPBC,XGBClassifier,4,50.0,35.8974358974359,64.1025641025641,0.0,0.0,0.0,0.0,0.013763666152954102,0.0014026165008544922
46_WPBC,XGBClassifier,5,50.0,15.384615384615385,84.61538461538461,0.0,0.0,0.0,0.0,0.013768434524536133,0.001360177993774414
47_yeast,XGBClassifier,1,50.0,35.01683501683502,64.98316498316498,0.0,0.0,0.0,0.0,0.013769865036010742,0.0014677047729492188
47_yeast,XGBClassifier,2,50.0,33.33333333333333,66.66666666666666,0.0,0.0,0.0,0.0,0.01374053955078125,0.0015087127685546875
47_yeast,XGBClassifier,3,50.0,34.00673400673401,65.993265993266,0.0,0.0,0.0,0.0,0.0137939453125,0.0014815330505371094
47_yeast,XGBClassifier,4,50.0,32.996632996633,67.003367003367,0.0,0.0,0.0,0.0,0.013676881790161133,0.0014560222625732422
47_yeast,XGBClassifier,5,50.0,35.47297297297297,64.52702702702703,0.0,0.0,0.0,0.0,0.013556480407714844,0.02803802490234375
